family,geneName,name,percentile,percentileRank,score,scoreRank,uniprotId,displayName,id,peptide_id,sequence,processed_sequence
CK1,CSNK1A1,CK1A,100,1,6.7862,1,P48729,CK1A,FRAP_2443_2455_S12_0b200_O0xO,FRAP_2443_2455,RTRtDSysAGQS*V,DSysAGQsV______
CK1,CSNK1A1L,CK1A2,99.98,2,3.6623,6,Q8N752,CK1A2,FRAP_2443_2455_S12_0b200_O0xO,FRAP_2443_2455,RTRtDSysAGQS*V,DSysAGQsV______
CK1,CSNK1E,CK1E,99.96,3,3.4947,7,P49674,CK1E,FRAP_2443_2455_S12_0b200_O0xO,FRAP_2443_2455,RTRtDSysAGQS*V,DSysAGQsV______
CK1,CSNK1G1,CK1G1,99.92,4,4.2426,5,Q9HCP0,CK1G1,FRAP_2443_2455_S12_0b200_O0xO,FRAP_2443_2455,RTRtDSysAGQS*V,DSysAGQsV______
CK1,CSNK1G2,CK1G2,99.9,5,5.4924,3,P78368,CK1G2,FRAP_2443_2455_S12_0b200_O0xO,FRAP_2443_2455,RTRtDSysAGQS*V,DSysAGQsV______
CK1,CSNK1G3,CK1G3,99.85,6,4.5083,4,Q9Y6M4,CK1G3,FRAP_2443_2455_S12_0b200_O0xO,FRAP_2443_2455,RTRtDSysAGQS*V,DSysAGQsV______
CK1,CSNK1D,CK1D,99.81,7,5.6739,2,P48730,CK1D,FRAP_2443_2455_S12_0b200_O0xO,FRAP_2443_2455,RTRtDSysAGQS*V,DSysAGQsV______
TKL,MAP3K20,ZAK,99.02,8,1.5889,16,Q9NYL2,ZAK,FRAP_2443_2455_S12_0b200_O0xO,FRAP_2443_2455,RTRtDSysAGQS*V,DSysAGQsV______
AGC,STK32B,YANK2,98.54,9,1.6255,15,Q9NY57,YANK2,FRAP_2443_2455_S12_0b200_O0xO,FRAP_2443_2455,RTRtDSysAGQS*V,DSysAGQsV______
STE,MAP3K1,MEKK1,98.03,10,0.8901,30,Q13233,MEKK1,FRAP_2443_2455_S12_0b200_O0xO,FRAP_2443_2455,RTRtDSysAGQS*V,DSysAGQsV______
CK1,TTBK2,TTBK2,97.97,11,1.4559,19,Q6IQ55,TTBK2,FRAP_2443_2455_S12_0b200_O0xO,FRAP_2443_2455,RTRtDSysAGQS*V,DSysAGQsV______
AGC,GRK3,GRK3,97.92,12,2.9233,8,P35626,GRK3,FRAP_2443_2455_S12_0b200_O0xO,FRAP_2443_2455,RTRtDSysAGQS*V,DSysAGQsV______
Other,TLK2,TLK2,97.89,13,2.1157,11,Q86UE8,TLK2,FRAP_2443_2455_S12_0b200_O0xO,FRAP_2443_2455,RTRtDSysAGQS*V,DSysAGQsV______
Other,NEK7,NEK7,97.55,14,1.4929,18,Q8TDX7,NEK7,FRAP_2443_2455_S12_0b200_O0xO,FRAP_2443_2455,RTRtDSysAGQS*V,DSysAGQsV______
TKL,MAP3K9,MLK1,97.54,15,1.7139,14,P80192,MLK1,FRAP_2443_2455_S12_0b200_O0xO,FRAP_2443_2455,RTRtDSysAGQS*V,DSysAGQsV______
STE,MAP3K3,MEKK3,97.41,16,0.6493,38,Q99759,MEKK3,FRAP_2443_2455_S12_0b200_O0xO,FRAP_2443_2455,RTRtDSysAGQS*V,DSysAGQsV______
TKL,MAP3K21,MLK4,97.33,17,1.5555,17,Q5TCX8,MLK4,FRAP_2443_2455_S12_0b200_O0xO,FRAP_2443_2455,RTRtDSysAGQS*V,DSysAGQsV______
AGC,GRK4,GRK4,97.1,18,2.5177,9,P32298,GRK4,FRAP_2443_2455_S12_0b200_O0xO,FRAP_2443_2455,RTRtDSysAGQS*V,DSysAGQsV______
TKL,RIPK4,ANKRD3,96.97,19,0.8999,29,P57078,ANKRD3,FRAP_2443_2455_S12_0b200_O0xO,FRAP_2443_2455,RTRtDSysAGQS*V,DSysAGQsV______
CK1,VRK2,VRK2,96.53,20,-0.1218,86,Q86Y07,VRK2,FRAP_2443_2455_S12_0b200_O0xO,FRAP_2443_2455,RTRtDSysAGQS*V,DSysAGQsV______
CAMK,STK33,STK33,96.53,20,0.8704,31,Q9BYT3,STK33,FRAP_2443_2455_S12_0b200_O0xO,FRAP_2443_2455,RTRtDSysAGQS*V,DSysAGQsV______
TKL,MAP3K11,MLK3,96.16,22,1.2646,22,Q16584,MLK3,FRAP_2443_2455_S12_0b200_O0xO,FRAP_2443_2455,RTRtDSysAGQS*V,DSysAGQsV______
STE,MAP3K2,MEKK2,96.11,23,0.3256,53,Q9Y2U5,MEKK2,FRAP_2443_2455_S12_0b200_O0xO,FRAP_2443_2455,RTRtDSysAGQS*V,DSysAGQsV______
Other,PLK4,PLK4,95.95,24,0.5163,43,O00444,PLK4,FRAP_2443_2455_S12_0b200_O0xO,FRAP_2443_2455,RTRtDSysAGQS*V,DSysAGQsV______
TKL,MAP3K12,DLK,95.53,25,0.7521,35,Q12852,DLK,FRAP_2443_2455_S12_0b200_O0xO,FRAP_2443_2455,RTRtDSysAGQS*V,DSysAGQsV______
STE,OXSR1,OSR1,95.08,26,-0.3213,102,O95747,OSR1,FRAP_2443_2455_S12_0b200_O0xO,FRAP_2443_2455,RTRtDSysAGQS*V,DSysAGQsV______
AGC,GRK2,GRK2,95.06,27,1.4334,20,P25098,GRK2,FRAP_2443_2455_S12_0b200_O0xO,FRAP_2443_2455,RTRtDSysAGQS*V,DSysAGQsV______
Other,NEK11,NEK11,94.89,28,-0.098,83,Q8NG66,NEK11,FRAP_2443_2455_S12_0b200_O0xO,FRAP_2443_2455,RTRtDSysAGQS*V,DSysAGQsV______
PDHK,BCKDK,BCKDK,94.78,29,0.5476,42,O14874,BCKDK,FRAP_2443_2455_S12_0b200_O0xO,FRAP_2443_2455,RTRtDSysAGQS*V,DSysAGQsV______
CK1,TTBK1,TTBK1,94.65,30,0.4143,49,Q5TCY1,TTBK1,FRAP_2443_2455_S12_0b200_O0xO,FRAP_2443_2455,RTRtDSysAGQS*V,DSysAGQsV______
Other,ULK1,ULK1,94.44,31,0.1479,66,O75385,ULK1,FRAP_2443_2455_S12_0b200_O0xO,FRAP_2443_2455,RTRtDSysAGQS*V,DSysAGQsV______
STE,MAP3K15,MAP3K15,94.29,32,-0.2425,92,Q6ZN16,ASK3,FRAP_2443_2455_S12_0b200_O0xO,FRAP_2443_2455,RTRtDSysAGQS*V,DSysAGQsV______
TKL,DSTYK,DSTYK,93.95,33,1.3349,21,Q6XUX3,DSTYK,FRAP_2443_2455_S12_0b200_O0xO,FRAP_2443_2455,RTRtDSysAGQS*V,DSysAGQsV______
AGC,GRK5,GRK5,93.76,34,1.9693,13,P34947,GRK5,FRAP_2443_2455_S12_0b200_O0xO,FRAP_2443_2455,RTRtDSysAGQS*V,DSysAGQsV______
CK1,VRK1,VRK1,93.71,35,-0.8642,145,Q99986,VRK1,FRAP_2443_2455_S12_0b200_O0xO,FRAP_2443_2455,RTRtDSysAGQS*V,DSysAGQsV______
Other,TLK1,TLK1,93.69,36,0.5786,41,Q9UKI8,TLK1,FRAP_2443_2455_S12_0b200_O0xO,FRAP_2443_2455,RTRtDSysAGQS*V,DSysAGQsV______
STE,STK24,MST3,93.52,37,0.4918,44,Q9Y6E0,MST3,FRAP_2443_2455_S12_0b200_O0xO,FRAP_2443_2455,RTRtDSysAGQS*V,DSysAGQsV______
STE,STK39,STLK3,93.44,38,-1.9724,228,Q9UEW8,STLK3,FRAP_2443_2455_S12_0b200_O0xO,FRAP_2443_2455,RTRtDSysAGQS*V,DSysAGQsV______
Other,ULK2,ULK2,92.97,39,0.4671,47,Q8IYT8,ULK2,FRAP_2443_2455_S12_0b200_O0xO,FRAP_2443_2455,RTRtDSysAGQS*V,DSysAGQsV______
STE,MAP3K6,MEKK6,92.69,40,-1.2431,170,O95382,ASK2,FRAP_2443_2455_S12_0b200_O0xO,FRAP_2443_2455,RTRtDSysAGQS*V,DSysAGQsV______
Other,NEK9,NEK9,92.67,41,0.6447,39,Q8TD19,NEK9,FRAP_2443_2455_S12_0b200_O0xO,FRAP_2443_2455,RTRtDSysAGQS*V,DSysAGQsV______
CMGC,PRPF4B,PRP4,92.16,42,2.1201,10,Q13523,PRP4,FRAP_2443_2455_S12_0b200_O0xO,FRAP_2443_2455,RTRtDSysAGQS*V,DSysAGQsV______
Alpha,EEF2K,EEF2K,91.81,43,-0.4499,109,O00418,EEF2K,FRAP_2443_2455_S12_0b200_O0xO,FRAP_2443_2455,RTRtDSysAGQS*V,DSysAGQsV______
STE,TAOK3,TAO3,91.74,44,0.2658,56,Q9H2K8,TAO3,FRAP_2443_2455_S12_0b200_O0xO,FRAP_2443_2455,RTRtDSysAGQS*V,DSysAGQsV______
Alpha,TRPM7,CHAK1,91.66,45,0.4897,45,Q96QT4,TRPM7,FRAP_2443_2455_S12_0b200_O0xO,FRAP_2443_2455,RTRtDSysAGQS*V,DSysAGQsV______
Other,NEK5,NEK5,91.55,46,-0.0383,78,Q6P3R8,NEK5,FRAP_2443_2455_S12_0b200_O0xO,FRAP_2443_2455,RTRtDSysAGQS*V,DSysAGQsV______
PIKK,ATR,ATR,91.24,47,0.5896,40,Q13535,ATR,FRAP_2443_2455_S12_0b200_O0xO,FRAP_2443_2455,RTRtDSysAGQS*V,DSysAGQsV______
Other,EIF2AK4,GCN2,91.06,48,0.1681,64,Q9P2K8,GCN2,FRAP_2443_2455_S12_0b200_O0xO,FRAP_2443_2455,RTRtDSysAGQS*V,DSysAGQsV______
Other,TTK,TTK,90.89,49,-1.3924,188,P33981,TTK,FRAP_2443_2455_S12_0b200_O0xO,FRAP_2443_2455,RTRtDSysAGQS*V,DSysAGQsV______
PDHK,PDK1,PDHK1,90.79,50,0.3301,51,Q15118,PDHK1,FRAP_2443_2455_S12_0b200_O0xO,FRAP_2443_2455,RTRtDSysAGQS*V,DSysAGQsV______
AGC,GRK1,GRK1,90.77,51,1.0323,26,Q15835,GRK1,FRAP_2443_2455_S12_0b200_O0xO,FRAP_2443_2455,RTRtDSysAGQS*V,DSysAGQsV______
AGC,GRK7,GRK7,90.61,52,0.9308,28,Q8WTQ7,GRK7,FRAP_2443_2455_S12_0b200_O0xO,FRAP_2443_2455,RTRtDSysAGQS*V,DSysAGQsV______
STE,MAP2K5,MEK5,90.59,53,-0.681,133,Q13163,MEK5,FRAP_2443_2455_S12_0b200_O0xO,FRAP_2443_2455,RTRtDSysAGQS*V,DSysAGQsV______
AGC,STK32C,YANK3,90.09,54,0.9742,27,Q86UX6,YANK3,FRAP_2443_2455_S12_0b200_O0xO,FRAP_2443_2455,RTRtDSysAGQS*V,DSysAGQsV______
TKL,RIPK2,RIPK2,89.58,55,-1.1836,167,O43353,RIPK2,FRAP_2443_2455_S12_0b200_O0xO,FRAP_2443_2455,RTRtDSysAGQS*V,DSysAGQsV______
Other,ULK3,ULK3,89.37,56,-0.2607,95,Q6PHR2,ULK3,FRAP_2443_2455_S12_0b200_O0xO,FRAP_2443_2455,RTRtDSysAGQS*V,DSysAGQsV______
CAMK,MARK2,MARK2,89.18,57,0.3007,55,Q7KZI7,MARK2,FRAP_2443_2455_S12_0b200_O0xO,FRAP_2443_2455,RTRtDSysAGQS*V,DSysAGQsV______
Other,IKBKB,IKKB,88.96,58,0.75,36,O14920,IKKB,FRAP_2443_2455_S12_0b200_O0xO,FRAP_2443_2455,RTRtDSysAGQS*V,DSysAGQsV______
TKL,RIPK3,RIPK3,88.92,59,0.1246,70,Q9Y572,RIPK3,FRAP_2443_2455_S12_0b200_O0xO,FRAP_2443_2455,RTRtDSysAGQS*V,DSysAGQsV______
Other,WNK2,WNK2,88.9,60,0.7852,34,Q9Y3S1,WNK2,FRAP_2443_2455_S12_0b200_O0xO,FRAP_2443_2455,RTRtDSysAGQS*V,DSysAGQsV______
TKL,IRAK1,IRAK1,88.46,61,-0.5358,119,P51617,IRAK1,FRAP_2443_2455_S12_0b200_O0xO,FRAP_2443_2455,RTRtDSysAGQS*V,DSysAGQsV______
STE,STK3,MST2,88.39,62,-1.1613,164,Q13188,MST2,FRAP_2443_2455_S12_0b200_O0xO,FRAP_2443_2455,RTRtDSysAGQS*V,DSysAGQsV______
Other,NEK6,NEK6,88.33,63,0.3139,54,Q9HC98,NEK6,FRAP_2443_2455_S12_0b200_O0xO,FRAP_2443_2455,RTRtDSysAGQS*V,DSysAGQsV______
CAMK,MARK4,MARK4,88.26,64,0.4441,48,Q96L34,MARK4,FRAP_2443_2455_S12_0b200_O0xO,FRAP_2443_2455,RTRtDSysAGQS*V,DSysAGQsV______
Other,TBK1,TBK1,88.17,65,0.3788,50,Q9UHD2,TBK1,FRAP_2443_2455_S12_0b200_O0xO,FRAP_2443_2455,RTRtDSysAGQS*V,DSysAGQsV______
AGC,PRKCH,PKCH,88.07,66,0.1482,65,P24723,PKCH,FRAP_2443_2455_S12_0b200_O0xO,FRAP_2443_2455,RTRtDSysAGQS*V,DSysAGQsV______
CAMK,NIM1K,NIM1,88.07,66,0.1365,68,Q8IY84,NIM1,FRAP_2443_2455_S12_0b200_O0xO,FRAP_2443_2455,RTRtDSysAGQS*V,DSysAGQsV______
AGC,PRKCB,PKCB,88.05,68,0.2657,57,P05771,PKCB,FRAP_2443_2455_S12_0b200_O0xO,FRAP_2443_2455,RTRtDSysAGQS*V,DSysAGQsV______
Other,IKBKE,IKKE,87.91,69,0.1001,73,Q14164,IKKE,FRAP_2443_2455_S12_0b200_O0xO,FRAP_2443_2455,RTRtDSysAGQS*V,DSysAGQsV______
CMGC,GSK3B,GSK3B,87.78,70,1.0997,24,P49841,GSK3B,FRAP_2443_2455_S12_0b200_O0xO,FRAP_2443_2455,RTRtDSysAGQS*V,DSysAGQsV______
Other,WNK4,WNK4,87.68,71,0.1218,71,Q96J92,WNK4,FRAP_2443_2455_S12_0b200_O0xO,FRAP_2443_2455,RTRtDSysAGQS*V,DSysAGQsV______
TKL,BMPR1B,BMPR1B,87.44,72,1.2635,23,O00238,BMPR1B,FRAP_2443_2455_S12_0b200_O0xO,FRAP_2443_2455,RTRtDSysAGQS*V,DSysAGQsV______
STE,MAP3K5,ASK1,87.33,73,-1.9964,230,Q99683,ASK1,FRAP_2443_2455_S12_0b200_O0xO,FRAP_2443_2455,RTRtDSysAGQS*V,DSysAGQsV______
Other,NEK8,NEK8,87.16,74,-0.8681,146,Q86SG6,NEK8,FRAP_2443_2455_S12_0b200_O0xO,FRAP_2443_2455,RTRtDSysAGQS*V,DSysAGQsV______
TKL,BMPR1A,BMPR1A,87.15,75,0.7052,37,P36894,BMPR1A,FRAP_2443_2455_S12_0b200_O0xO,FRAP_2443_2455,RTRtDSysAGQS*V,DSysAGQsV______
Other,ERN1,IRE1,87.05,76,-0.0946,82,O75460,IRE1,FRAP_2443_2455_S12_0b200_O0xO,FRAP_2443_2455,RTRtDSysAGQS*V,DSysAGQsV______
AGC,PDPK1,PDK1,86.84,77,-0.6103,128,O15530,PDK1,FRAP_2443_2455_S12_0b200_O0xO,FRAP_2443_2455,RTRtDSysAGQS*V,DSysAGQsV______
CAMK,MARK3,MARK3,86.75,78,-0.2065,90,P27448,MARK3,FRAP_2443_2455_S12_0b200_O0xO,FRAP_2443_2455,RTRtDSysAGQS*V,DSysAGQsV______
STE,MAP3K19,YSK4,86.66,79,-0.4185,108,Q56UN5,YSK4,FRAP_2443_2455_S12_0b200_O0xO,FRAP_2443_2455,RTRtDSysAGQS*V,DSysAGQsV______
AGC,PRKCA,PKCA,86.23,80,0.1922,61,P17252,PKCA,FRAP_2443_2455_S12_0b200_O0xO,FRAP_2443_2455,RTRtDSysAGQS*V,DSysAGQsV______
FAM20,FAM20C,FAM20C,86.15,81,0.1362,69,Q8IXL6,FAM20C,FRAP_2443_2455_S12_0b200_O0xO,FRAP_2443_2455,RTRtDSysAGQS*V,DSysAGQsV______
Other,WNK3,WNK3,85.98,82,0.1727,63,Q9BYP7,WNK3,FRAP_2443_2455_S12_0b200_O0xO,FRAP_2443_2455,RTRtDSysAGQS*V,DSysAGQsV______
STE,STK25,YSK1,85.78,83,-1.5519,202,O00506,YSK1,FRAP_2443_2455_S12_0b200_O0xO,FRAP_2443_2455,RTRtDSysAGQS*V,DSysAGQsV______
STE,MAP3K8,COT,85.78,83,1.0861,25,P41279,COT,FRAP_2443_2455_S12_0b200_O0xO,FRAP_2443_2455,RTRtDSysAGQS*V,DSysAGQsV______
PIKK,SMG1,SMG1,85.47,85,-0.3965,106,Q96Q15,SMG1,FRAP_2443_2455_S12_0b200_O0xO,FRAP_2443_2455,RTRtDSysAGQS*V,DSysAGQsV______
TKL,BMPR2,BMPR2,85.43,86,0.2513,58,Q13873,BMPR2,FRAP_2443_2455_S12_0b200_O0xO,FRAP_2443_2455,RTRtDSysAGQS*V,DSysAGQsV______
STE,MINK1,MINK,85.33,87,-1.4628,192,Q8N4C8,MINK,FRAP_2443_2455_S12_0b200_O0xO,FRAP_2443_2455,RTRtDSysAGQS*V,DSysAGQsV______
Other,WNK1,WNK1,85.24,88,0.4766,46,Q9H4A3,WNK1,FRAP_2443_2455_S12_0b200_O0xO,FRAP_2443_2455,RTRtDSysAGQS*V,DSysAGQsV______
AGC,GRK6,GRK6,85,89,0.8697,32,P43250,GRK6,FRAP_2443_2455_S12_0b200_O0xO,FRAP_2443_2455,RTRtDSysAGQS*V,DSysAGQsV______
CAMK,HUNK,HUNK,84.87,90,-0.5745,123,P57058,HUNK,FRAP_2443_2455_S12_0b200_O0xO,FRAP_2443_2455,RTRtDSysAGQS*V,DSysAGQsV______
Other,PLK1,PLK1,84.33,91,0.1043,72,P53350,PLK1,FRAP_2443_2455_S12_0b200_O0xO,FRAP_2443_2455,RTRtDSysAGQS*V,DSysAGQsV______
Other,NEK2,NEK2,83.73,92,-0.0259,77,P51955,NEK2,FRAP_2443_2455_S12_0b200_O0xO,FRAP_2443_2455,RTRtDSysAGQS*V,DSysAGQsV______
STE,STK26,MST4,83.54,93,0.0352,74,Q9P289,MST4,FRAP_2443_2455_S12_0b200_O0xO,FRAP_2443_2455,RTRtDSysAGQS*V,DSysAGQsV______
PDHK,PDK4,PDHK4,83.21,94,0.0342,75,Q16654,PDHK4,FRAP_2443_2455_S12_0b200_O0xO,FRAP_2443_2455,RTRtDSysAGQS*V,DSysAGQsV______
AGC,PRKCG,PKCG,83.13,95,-0.3458,104,P05129,PKCG,FRAP_2443_2455_S12_0b200_O0xO,FRAP_2443_2455,RTRtDSysAGQS*V,DSysAGQsV______
CAMK,SIK3,QSK,83.11,96,-0.2564,94,Q9Y2K2,QSK,FRAP_2443_2455_S12_0b200_O0xO,FRAP_2443_2455,RTRtDSysAGQS*V,DSysAGQsV______
AGC,PRKCQ,PKCT,82.98,97,-0.5804,126,Q04759,PKCT,FRAP_2443_2455_S12_0b200_O0xO,FRAP_2443_2455,RTRtDSysAGQS*V,DSysAGQsV______
Alpha,TRPM6,CHAK2,82.88,98,-0.0934,81,Q9BX84,TRPM6,FRAP_2443_2455_S12_0b200_O0xO,FRAP_2443_2455,RTRtDSysAGQS*V,DSysAGQsV______
CMGC,GSK3A,GSK3A,82.83,99,2.0542,12,P49840,GSK3A,FRAP_2443_2455_S12_0b200_O0xO,FRAP_2443_2455,RTRtDSysAGQS*V,DSysAGQsV______
CAMK,TSSK6,SSTK,82.73,100,-0.519,118,Q9BXA6,SSTK,FRAP_2443_2455_S12_0b200_O0xO,FRAP_2443_2455,RTRtDSysAGQS*V,DSysAGQsV______
CAMK,MAPKAPK5,MAPKAPK5,82.68,101,-0.6032,127,Q8IW41,MAPKAPK5,FRAP_2443_2455_S12_0b200_O0xO,FRAP_2443_2455,RTRtDSysAGQS*V,DSysAGQsV______
PIKK,MTOR,MTOR,82.56,102,0.8485,33,P42345,MTOR,FRAP_2443_2455_S12_0b200_O0xO,FRAP_2443_2455,RTRtDSysAGQS*V,DSysAGQsV______
AGC,PRKCE,PKCE,82.34,103,-0.738,138,Q02156,PKCE,FRAP_2443_2455_S12_0b200_O0xO,FRAP_2443_2455,RTRtDSysAGQS*V,DSysAGQsV______
CAMK,MARK1,MARK1,81.64,104,-0.8071,143,Q9P0L2,MARK1,FRAP_2443_2455_S12_0b200_O0xO,FRAP_2443_2455,RTRtDSysAGQS*V,DSysAGQsV______
TKL,MAP3K10,MLK2,81.53,105,-0.1846,88,Q02779,MLK2,FRAP_2443_2455_S12_0b200_O0xO,FRAP_2443_2455,RTRtDSysAGQS*V,DSysAGQsV______
Other,PLK2,PLK2,81.33,106,-0.2638,96,Q9NYY3,PLK2,FRAP_2443_2455_S12_0b200_O0xO,FRAP_2443_2455,RTRtDSysAGQS*V,DSysAGQsV______
Other,CAMKK2,CAMKK2,81.24,107,-2.0728,236,Q96RR4,CAMKK2,FRAP_2443_2455_S12_0b200_O0xO,FRAP_2443_2455,RTRtDSysAGQS*V,DSysAGQsV______
AGC,MASTL,MASTL,81.04,108,-0.4712,111,Q96GX5,MASTL,FRAP_2443_2455_S12_0b200_O0xO,FRAP_2443_2455,RTRtDSysAGQS*V,DSysAGQsV______
STE,MAP2K1,MEK1,81.03,109,-0.9097,148,Q02750,MEK1,FRAP_2443_2455_S12_0b200_O0xO,FRAP_2443_2455,RTRtDSysAGQS*V,DSysAGQsV______
STE,TAOK1,TAO1,81.01,110,-2.2908,249,Q7L7X3,TAO1,FRAP_2443_2455_S12_0b200_O0xO,FRAP_2443_2455,RTRtDSysAGQS*V,DSysAGQsV______
AGC,PRKCZ,PKCZ,80.6,111,-0.2796,97,Q05513,PKCZ,FRAP_2443_2455_S12_0b200_O0xO,FRAP_2443_2455,RTRtDSysAGQS*V,DSysAGQsV______
TKL,ACVR2A,ACVR2A,80.5,112,-0.0737,79,P27037,ACVR2A,FRAP_2443_2455_S12_0b200_O0xO,FRAP_2443_2455,RTRtDSysAGQS*V,DSysAGQsV______
Other,TP53RK,PRPK,80.45,113,0.1792,62,Q96S44,PRPK,FRAP_2443_2455_S12_0b200_O0xO,FRAP_2443_2455,RTRtDSysAGQS*V,DSysAGQsV______
Other,CSNK2A1,CK2A1,80.44,114,-0.8975,147,P68400,CK2A1,FRAP_2443_2455_S12_0b200_O0xO,FRAP_2443_2455,RTRtDSysAGQS*V,DSysAGQsV______
CAMK,PHKG1,PHKG1,80.4,115,-0.7721,140,Q16816,PHKG1,FRAP_2443_2455_S12_0b200_O0xO,FRAP_2443_2455,RTRtDSysAGQS*V,DSysAGQsV______
Other,NEK4,NEK4,80.25,116,-1.3827,184,P51957,NEK4,FRAP_2443_2455_S12_0b200_O0xO,FRAP_2443_2455,RTRtDSysAGQS*V,DSysAGQsV______
Other,NEK3,NEK3,80.15,117,-1.5358,199,P51956,NEK3,FRAP_2443_2455_S12_0b200_O0xO,FRAP_2443_2455,RTRtDSysAGQS*V,DSysAGQsV______
TKL,IRAK4,IRAK4,79.95,118,-0.6435,132,Q9NWZ3,IRAK4,FRAP_2443_2455_S12_0b200_O0xO,FRAP_2443_2455,RTRtDSysAGQS*V,DSysAGQsV______
CAMK,CAMK2G,CAMK2G,79.88,119,0.2331,59,Q13555,CAMK2G,FRAP_2443_2455_S12_0b200_O0xO,FRAP_2443_2455,RTRtDSysAGQS*V,DSysAGQsV______
CAMK,SNRK,SNRK,79.47,120,-1.5951,204,Q9NRH2,SNRK,FRAP_2443_2455_S12_0b200_O0xO,FRAP_2443_2455,RTRtDSysAGQS*V,DSysAGQsV______
CAMK,MKNK2,MNK2,79.44,121,-0.1476,87,Q9HBH9,MNK2,FRAP_2443_2455_S12_0b200_O0xO,FRAP_2443_2455,RTRtDSysAGQS*V,DSysAGQsV______
AGC,PKN2,PKN2,79.31,122,-0.4026,107,Q16513,PKN2,FRAP_2443_2455_S12_0b200_O0xO,FRAP_2443_2455,RTRtDSysAGQS*V,DSysAGQsV______
AGC,PRKCD,PKCD,79.24,123,-0.2097,91,Q05655,PKCD,FRAP_2443_2455_S12_0b200_O0xO,FRAP_2443_2455,RTRtDSysAGQS*V,DSysAGQsV______
Other,CAMKK1,CAMKK1,79.02,124,-1.6133,205,Q8N5S9,CAMKK1,FRAP_2443_2455_S12_0b200_O0xO,FRAP_2443_2455,RTRtDSysAGQS*V,DSysAGQsV______
CAMK,BRSK2,BRSK2,78.34,125,-1.2446,172,Q8IWQ3,BRSK2,FRAP_2443_2455_S12_0b200_O0xO,FRAP_2443_2455,RTRtDSysAGQS*V,DSysAGQsV______
STE,STK4,MST1,78.15,126,-1.5382,200,Q13043,MST1,FRAP_2443_2455_S12_0b200_O0xO,FRAP_2443_2455,RTRtDSysAGQS*V,DSysAGQsV______
STE,MYO3B,MYO3B,78.06,127,-2.6477,260,Q8WXR4,MYO3B,FRAP_2443_2455_S12_0b200_O0xO,FRAP_2443_2455,RTRtDSysAGQS*V,DSysAGQsV______
CAMK,CAMK2B,CAMK2B,77.92,128,0.3282,52,Q13554,CAMK2B,FRAP_2443_2455_S12_0b200_O0xO,FRAP_2443_2455,RTRtDSysAGQS*V,DSysAGQsV______
TKL,RIPK1,RIPK1,77.8,129,-0.5041,117,Q13546,RIPK1,FRAP_2443_2455_S12_0b200_O0xO,FRAP_2443_2455,RTRtDSysAGQS*V,DSysAGQsV______
STE,MYO3A,MYO3A,77.56,130,-2.9661,277,Q8NEV4,MYO3A,FRAP_2443_2455_S12_0b200_O0xO,FRAP_2443_2455,RTRtDSysAGQS*V,DSysAGQsV______
CAMK,MYLK2,SKMLCK,77.51,131,-0.9641,151,Q9H1R3,skMLCK,FRAP_2443_2455_S12_0b200_O0xO,FRAP_2443_2455,RTRtDSysAGQS*V,DSysAGQsV______
Other,CSNK2A2,CK2A2,77.51,131,-1.2704,174,P19784,CK2A2,FRAP_2443_2455_S12_0b200_O0xO,FRAP_2443_2455,RTRtDSysAGQS*V,DSysAGQsV______
STE,MAP4K4,HGK,77.48,133,-1.791,215,O95819,HGK,FRAP_2443_2455_S12_0b200_O0xO,FRAP_2443_2455,RTRtDSysAGQS*V,DSysAGQsV______
CAMK,CAMK2D,CAMK2D,77.46,134,-0.0211,76,Q13557,CAMK2D,FRAP_2443_2455_S12_0b200_O0xO,FRAP_2443_2455,RTRtDSysAGQS*V,DSysAGQsV______
Other,CHUK,IKKA,77.41,135,-0.5,115,O15111,IKKA,FRAP_2443_2455_S12_0b200_O0xO,FRAP_2443_2455,RTRtDSysAGQS*V,DSysAGQsV______
CAMK,TSSK2,TSSK2,76.75,136,-0.3579,105,Q96PF2,TSSK2,FRAP_2443_2455_S12_0b200_O0xO,FRAP_2443_2455,RTRtDSysAGQS*V,DSysAGQsV______
Other,ERN2,IRE2,76.19,137,-1.0532,158,Q76MJ5,IRE2,FRAP_2443_2455_S12_0b200_O0xO,FRAP_2443_2455,RTRtDSysAGQS*V,DSysAGQsV______
AGC,PRKCI,PKCI,76.15,138,-1.3203,179,P41743,PKCI,FRAP_2443_2455_S12_0b200_O0xO,FRAP_2443_2455,RTRtDSysAGQS*V,DSysAGQsV______
STE,TAOK2,TAO2,76.08,139,-1.6523,210,Q9UL54,TAO2,FRAP_2443_2455_S12_0b200_O0xO,FRAP_2443_2455,RTRtDSysAGQS*V,DSysAGQsV______
CAMK,SIK1,SIK,75.91,140,-1.1601,163,P57059,SIK,FRAP_2443_2455_S12_0b200_O0xO,FRAP_2443_2455,RTRtDSysAGQS*V,DSysAGQsV______
AGC,RPS6KA4,MSK2,75.41,141,-1.0157,155,O75676,MSK2,FRAP_2443_2455_S12_0b200_O0xO,FRAP_2443_2455,RTRtDSysAGQS*V,DSysAGQsV______
TKL,BRAF,BRAF,75.08,142,-1.2465,173,P15056,BRAF,FRAP_2443_2455_S12_0b200_O0xO,FRAP_2443_2455,RTRtDSysAGQS*V,DSysAGQsV______
CAMK,BRSK1,BRSK1,74.81,143,-1.4851,196,Q8TDC3,BRSK1,FRAP_2443_2455_S12_0b200_O0xO,FRAP_2443_2455,RTRtDSysAGQS*V,DSysAGQsV______
STE,PAK2,PAK2,74.41,144,-1.1688,165,Q13177,PAK2,FRAP_2443_2455_S12_0b200_O0xO,FRAP_2443_2455,RTRtDSysAGQS*V,DSysAGQsV______
Other,AURKA,AURA,74.23,145,-1.6176,206,O14965,AURA,FRAP_2443_2455_S12_0b200_O0xO,FRAP_2443_2455,RTRtDSysAGQS*V,DSysAGQsV______
TKL,ACVR1,ALK2,74.12,146,-0.7455,139,Q04771,ALK2,FRAP_2443_2455_S12_0b200_O0xO,FRAP_2443_2455,RTRtDSysAGQS*V,DSysAGQsV______
TKL,ACVR1C,ALK7,73.79,147,0.1454,67,Q8NER5,ALK7,FRAP_2443_2455_S12_0b200_O0xO,FRAP_2443_2455,RTRtDSysAGQS*V,DSysAGQsV______
STE,MAP4K3,KHS2,73.57,148,-2.1281,241,Q8IVH8,KHS2,FRAP_2443_2455_S12_0b200_O0xO,FRAP_2443_2455,RTRtDSysAGQS*V,DSysAGQsV______
CAMK,SIK2,QIK,73.47,149,-1.1694,166,Q9H0K1,QIK,FRAP_2443_2455_S12_0b200_O0xO,FRAP_2443_2455,RTRtDSysAGQS*V,DSysAGQsV______
STE,MAP4K5,KHS1,73.09,150,-2.0704,235,Q9Y4K4,KHS1,FRAP_2443_2455_S12_0b200_O0xO,FRAP_2443_2455,RTRtDSysAGQS*V,DSysAGQsV______
TKL,TGFBR2,TGFBR2,73.01,151,-1.0221,156,P37173,TGFBR2,FRAP_2443_2455_S12_0b200_O0xO,FRAP_2443_2455,RTRtDSysAGQS*V,DSysAGQsV______
CMGC,SRPK3,SRPK3,72.85,152,-0.1136,85,Q9UPE1,SRPK3,FRAP_2443_2455_S12_0b200_O0xO,FRAP_2443_2455,RTRtDSysAGQS*V,DSysAGQsV______
TKL,ACVR2B,ACVR2B,72.64,153,-0.7187,135,Q13705,ACVR2B,FRAP_2443_2455_S12_0b200_O0xO,FRAP_2443_2455,RTRtDSysAGQS*V,DSysAGQsV______
AGC,PRKG1,PKG1,72.53,154,-3.2371,288,Q13976,PKG1,FRAP_2443_2455_S12_0b200_O0xO,FRAP_2443_2455,RTRtDSysAGQS*V,DSysAGQsV______
CAMK,PHKG2,PHKG2,72.46,155,-2.3884,254,P15735,PHKG2,FRAP_2443_2455_S12_0b200_O0xO,FRAP_2443_2455,RTRtDSysAGQS*V,DSysAGQsV______
AGC,SGK3,SGK3,72.16,156,-0.9547,150,Q96BR1,SGK3,FRAP_2443_2455_S12_0b200_O0xO,FRAP_2443_2455,RTRtDSysAGQS*V,DSysAGQsV______
TKL,MAP3K7,TAK1,71.77,157,-2.6518,261,O43318,TAK1,FRAP_2443_2455_S12_0b200_O0xO,FRAP_2443_2455,RTRtDSysAGQS*V,DSysAGQsV______
STE,MAP4K2,GCK,71.15,158,-1.9683,227,Q12851,GCK,FRAP_2443_2455_S12_0b200_O0xO,FRAP_2443_2455,RTRtDSysAGQS*V,DSysAGQsV______
CAMK,PRKAA1,AMPKA1,70.75,159,-0.7739,141,Q13131,AMPKA1,FRAP_2443_2455_S12_0b200_O0xO,FRAP_2443_2455,RTRtDSysAGQS*V,DSysAGQsV______
TKL,ACVR1B,ALK4,70.47,160,-0.611,129,P36896,ALK4,FRAP_2443_2455_S12_0b200_O0xO,FRAP_2443_2455,RTRtDSysAGQS*V,DSysAGQsV______
STE,TNIK,TNIK,70.11,161,-2.163,243,Q9UKE5,TNIK,FRAP_2443_2455_S12_0b200_O0xO,FRAP_2443_2455,RTRtDSysAGQS*V,DSysAGQsV______
Other,PLK3,PLK3,69.97,162,-0.9165,149,Q9H4B4,PLK3,FRAP_2443_2455_S12_0b200_O0xO,FRAP_2443_2455,RTRtDSysAGQS*V,DSysAGQsV______
AGC,PRKG2,PKG2,69.92,163,-1.8137,217,Q13237,PKG2,FRAP_2443_2455_S12_0b200_O0xO,FRAP_2443_2455,RTRtDSysAGQS*V,DSysAGQsV______
STE,PAK4,PAK4,69.16,164,-2.9919,279,O96013,PAK4,FRAP_2443_2455_S12_0b200_O0xO,FRAP_2443_2455,RTRtDSysAGQS*V,DSysAGQsV______
TKL,ACVRL1,ALK1,69.04,165,-0.5757,124,P37023,ALK1,FRAP_2443_2455_S12_0b200_O0xO,FRAP_2443_2455,RTRtDSysAGQS*V,DSysAGQsV______
AGC,RPS6KA5,MSK1,68.72,166,-1.5129,197,O75582,MSK1,FRAP_2443_2455_S12_0b200_O0xO,FRAP_2443_2455,RTRtDSysAGQS*V,DSysAGQsV______
Other,HASPIN,HASPIN,68.59,167,-2.8196,270,Q8TF76,HASPIN,FRAP_2443_2455_S12_0b200_O0xO,FRAP_2443_2455,RTRtDSysAGQS*V,DSysAGQsV______
CMGC,CDK8,CDK8,68.44,168,0.2116,60,P49336,CDK8,FRAP_2443_2455_S12_0b200_O0xO,FRAP_2443_2455,RTRtDSysAGQS*V,DSysAGQsV______
AGC,PRKACG,PKACG,68.4,169,-1.4805,195,P22612,PKACG,FRAP_2443_2455_S12_0b200_O0xO,FRAP_2443_2455,RTRtDSysAGQS*V,DSysAGQsV______
CAMK,MKNK1,MNK1,68.32,170,-1.6221,207,Q9BUB5,MNK1,FRAP_2443_2455_S12_0b200_O0xO,FRAP_2443_2455,RTRtDSysAGQS*V,DSysAGQsV______
CAMK,TSSK1B,TSSK1,68.08,171,-1.1033,161,Q9BXA7,TSSK1,FRAP_2443_2455_S12_0b200_O0xO,FRAP_2443_2455,RTRtDSysAGQS*V,DSysAGQsV______
AGC,AKT1,AKT1,67.77,172,-1.9774,229,P31749,AKT1,FRAP_2443_2455_S12_0b200_O0xO,FRAP_2443_2455,RTRtDSysAGQS*V,DSysAGQsV______
TKL,RAF1,RAF1,67.36,173,-0.5359,120,P04049,RAF1,FRAP_2443_2455_S12_0b200_O0xO,FRAP_2443_2455,RTRtDSysAGQS*V,DSysAGQsV______
CAMK,DAPK1,DAPK1,67.2,174,-2.0921,237,P53355,DAPK1,FRAP_2443_2455_S12_0b200_O0xO,FRAP_2443_2455,RTRtDSysAGQS*V,DSysAGQsV______
CMGC,CDK19,CDK19,67.14,175,-0.2433,93,Q9BWU1,CDK19,FRAP_2443_2455_S12_0b200_O0xO,FRAP_2443_2455,RTRtDSysAGQS*V,DSysAGQsV______
CAMK,TSSK4,TSSK4,67.07,176,-0.8133,144,Q6SA08,TSSK4,FRAP_2443_2455_S12_0b200_O0xO,FRAP_2443_2455,RTRtDSysAGQS*V,DSysAGQsV______
CMGC,CLK1,CLK1,67.06,177,-0.3163,101,P49759,CLK1,FRAP_2443_2455_S12_0b200_O0xO,FRAP_2443_2455,RTRtDSysAGQS*V,DSysAGQsV______
Other,UHMK1,KIS,66.86,178,-0.297,99,Q8TAS1,KIS,FRAP_2443_2455_S12_0b200_O0xO,FRAP_2443_2455,RTRtDSysAGQS*V,DSysAGQsV______
STE,MAP2K2,MEK2,66.74,179,-3.0233,281,P36507,MEK2,FRAP_2443_2455_S12_0b200_O0xO,FRAP_2443_2455,RTRtDSysAGQS*V,DSysAGQsV______
CAMK,CAMK2A,CAMK2A,66.59,180,-0.5003,116,Q9UQM7,CAMK2A,FRAP_2443_2455_S12_0b200_O0xO,FRAP_2443_2455,RTRtDSysAGQS*V,DSysAGQsV______
Other,GAK,GAK,65.63,181,-2.4033,255,O14976,GAK,FRAP_2443_2455_S12_0b200_O0xO,FRAP_2443_2455,RTRtDSysAGQS*V,DSysAGQsV______
CMGC,CLK2,CLK2,65.49,182,-0.0746,80,P49760,CLK2,FRAP_2443_2455_S12_0b200_O0xO,FRAP_2443_2455,RTRtDSysAGQS*V,DSysAGQsV______
CAMK,DAPK3,DAPK3,65.29,183,-2.3296,250,O43293,DAPK3,FRAP_2443_2455_S12_0b200_O0xO,FRAP_2443_2455,RTRtDSysAGQS*V,DSysAGQsV______
CMGC,CDK1,CDK1,65.26,184,-0.1093,84,P06493,CDK1,FRAP_2443_2455_S12_0b200_O0xO,FRAP_2443_2455,RTRtDSysAGQS*V,DSysAGQsV______
CMGC,MAPK12,P38G,65.22,185,-0.4522,110,P53778,P38G,FRAP_2443_2455_S12_0b200_O0xO,FRAP_2443_2455,RTRtDSysAGQS*V,DSysAGQsV______
STE,PAK5,PAK5,64.76,186,-3.1701,287,Q9P286,PAK5,FRAP_2443_2455_S12_0b200_O0xO,FRAP_2443_2455,RTRtDSysAGQS*V,DSysAGQsV______
CMGC,CLK4,CLK4,64.75,187,-0.2972,100,Q9HAZ1,CLK4,FRAP_2443_2455_S12_0b200_O0xO,FRAP_2443_2455,RTRtDSysAGQS*V,DSysAGQsV______
AGC,AKT3,AKT3,64.21,188,-2.9914,278,Q9Y243,AKT3,FRAP_2443_2455_S12_0b200_O0xO,FRAP_2443_2455,RTRtDSysAGQS*V,DSysAGQsV______
CMGC,MAPK13,P38D,63.99,189,-0.2846,98,O15264,P38D,FRAP_2443_2455_S12_0b200_O0xO,FRAP_2443_2455,RTRtDSysAGQS*V,DSysAGQsV______
Other,EIF2AK2,PKR,63.89,190,-1.3803,183,P19525,PKR,FRAP_2443_2455_S12_0b200_O0xO,FRAP_2443_2455,RTRtDSysAGQS*V,DSysAGQsV______
STE,SLK,SLK,63.89,190,-2.6906,265,Q9H2G2,SLK,FRAP_2443_2455_S12_0b200_O0xO,FRAP_2443_2455,RTRtDSysAGQS*V,DSysAGQsV______
CAMK,STK17A,DRAK1,63.84,192,-1.4231,190,Q9UEE5,DRAK1,FRAP_2443_2455_S12_0b200_O0xO,FRAP_2443_2455,RTRtDSysAGQS*V,DSysAGQsV______
Other,NEK1,NEK1,63.72,193,-2.6242,259,Q96PY6,NEK1,FRAP_2443_2455_S12_0b200_O0xO,FRAP_2443_2455,RTRtDSysAGQS*V,DSysAGQsV______
TKL,TGFBR1,TGFBR1,63.69,194,-0.7229,137,P36897,TGFBR1,FRAP_2443_2455_S12_0b200_O0xO,FRAP_2443_2455,RTRtDSysAGQS*V,DSysAGQsV______
STE,MAP4K1,HPK1,63.66,195,-2.6595,262,Q92918,HPK1,FRAP_2443_2455_S12_0b200_O0xO,FRAP_2443_2455,RTRtDSysAGQS*V,DSysAGQsV______
AGC,RPS6KA2,RSK3,63.56,196,-1.5482,201,Q15349,RSK3,FRAP_2443_2455_S12_0b200_O0xO,FRAP_2443_2455,RTRtDSysAGQS*V,DSysAGQsV______
CMGC,MAPK15,ERK7,63.56,196,-1.3904,187,Q8TD08,ERK7,FRAP_2443_2455_S12_0b200_O0xO,FRAP_2443_2455,RTRtDSysAGQS*V,DSysAGQsV______
CAMK,DCLK1,DCAMKL1,63.49,198,-1.2329,169,O15075,DCAMKL1,FRAP_2443_2455_S12_0b200_O0xO,FRAP_2443_2455,RTRtDSysAGQS*V,DSysAGQsV______
Other,EIF2AK3,PERK,63.1,199,-1.8545,220,Q9NZJ5,PERK,FRAP_2443_2455_S12_0b200_O0xO,FRAP_2443_2455,RTRtDSysAGQS*V,DSysAGQsV______
CAMK,CHEK2,CHK2,63.07,200,-2.6707,263,O96017,CHK2,FRAP_2443_2455_S12_0b200_O0xO,FRAP_2443_2455,RTRtDSysAGQS*V,DSysAGQsV______
CMGC,CDK2,CDK2,62.97,201,-1.0834,159,P24941,CDK2,FRAP_2443_2455_S12_0b200_O0xO,FRAP_2443_2455,RTRtDSysAGQS*V,DSysAGQsV______
AGC,STK38L,NDR2,62.47,202,-1.0984,160,Q9Y2H1,NDR2,FRAP_2443_2455_S12_0b200_O0xO,FRAP_2443_2455,RTRtDSysAGQS*V,DSysAGQsV______
AGC,PRKACB,PKACB,62.31,203,-2.4507,256,P22694,PKACB,FRAP_2443_2455_S12_0b200_O0xO,FRAP_2443_2455,RTRtDSysAGQS*V,DSysAGQsV______
CMGC,MAPK8,JNK1,62.27,204,-0.5483,122,P45983,JNK1,FRAP_2443_2455_S12_0b200_O0xO,FRAP_2443_2455,RTRtDSysAGQS*V,DSysAGQsV______
AGC,PKN1,PKN1,61.98,205,-3.0736,283,Q16512,PKN1,FRAP_2443_2455_S12_0b200_O0xO,FRAP_2443_2455,RTRtDSysAGQS*V,DSysAGQsV______
CAMK,MYLK4,MYLK4,61.93,206,-2.2152,247,Q86YV6,MYLK4,FRAP_2443_2455_S12_0b200_O0xO,FRAP_2443_2455,RTRtDSysAGQS*V,DSysAGQsV______
CMGC,MAPK10,JNK3,61.72,207,-0.5458,121,P53779,JNK3,FRAP_2443_2455_S12_0b200_O0xO,FRAP_2443_2455,RTRtDSysAGQS*V,DSysAGQsV______
CAMK,MYLK,SMMLCK,61.4,208,-2.1618,242,Q15746,smMLCK,FRAP_2443_2455_S12_0b200_O0xO,FRAP_2443_2455,RTRtDSysAGQS*V,DSysAGQsV______
CMGC,CDK3,CDK3,61.32,209,-2.0551,233,Q00526,CDK3,FRAP_2443_2455_S12_0b200_O0xO,FRAP_2443_2455,RTRtDSysAGQS*V,DSysAGQsV______
STE,PAK1,PAK1,61.03,210,-1.8089,216,Q13153,PAK1,FRAP_2443_2455_S12_0b200_O0xO,FRAP_2443_2455,RTRtDSysAGQS*V,DSysAGQsV______
CAMK,PASK,PASK,60.95,211,-2.015,231,Q96RG2,PASK,FRAP_2443_2455_S12_0b200_O0xO,FRAP_2443_2455,RTRtDSysAGQS*V,DSysAGQsV______
CAMK,MAPKAPK2,MAPKAPK2,60.87,212,-1.5749,203,P49137,MAPKAPK2,FRAP_2443_2455_S12_0b200_O0xO,FRAP_2443_2455,RTRtDSysAGQS*V,DSysAGQsV______
Alpha,ALPK1,ALPHAK3,60.81,213,-3.1452,284,Q96QP1,ALPHAK3,FRAP_2443_2455_S12_0b200_O0xO,FRAP_2443_2455,RTRtDSysAGQS*V,DSysAGQsV______
CMGC,HIPK2,HIPK2,60.49,214,-0.3259,103,Q9H2X6,HIPK2,FRAP_2443_2455_S12_0b200_O0xO,FRAP_2443_2455,RTRtDSysAGQS*V,DSysAGQsV______
AGC,RPS6KA1,P90RSK,60.39,215,-1.2981,178,Q15418,RSK1,FRAP_2443_2455_S12_0b200_O0xO,FRAP_2443_2455,RTRtDSysAGQS*V,DSysAGQsV______
CMGC,CDK12,CDK12,60.11,216,-1.1312,162,Q9NYV4,CDK12,FRAP_2443_2455_S12_0b200_O0xO,FRAP_2443_2455,RTRtDSysAGQS*V,DSysAGQsV______
AGC,PRKACA,PKACA,59.88,217,-3.3307,291,P17612,PKACA,FRAP_2443_2455_S12_0b200_O0xO,FRAP_2443_2455,RTRtDSysAGQS*V,DSysAGQsV______
CMGC,SRPK1,SRPK1,59.83,218,-0.5801,125,Q96SB4,SRPK1,FRAP_2443_2455_S12_0b200_O0xO,FRAP_2443_2455,RTRtDSysAGQS*V,DSysAGQsV______
AGC,RPS6KA6,RSK4,59.69,219,-2.0176,232,Q9UK32,RSK4,FRAP_2443_2455_S12_0b200_O0xO,FRAP_2443_2455,RTRtDSysAGQS*V,DSysAGQsV______
STE,MAP3K14,NIK,59.66,220,-0.472,112,Q99558,NIK,FRAP_2443_2455_S12_0b200_O0xO,FRAP_2443_2455,RTRtDSysAGQS*V,DSysAGQsV______
PIKK,ATM,ATM,59.41,221,-1.2737,175,Q13315,ATM,FRAP_2443_2455_S12_0b200_O0xO,FRAP_2443_2455,RTRtDSysAGQS*V,DSysAGQsV______
AGC,AKT2,AKT2,59.2,222,-2.1801,244,P31751,AKT2,FRAP_2443_2455_S12_0b200_O0xO,FRAP_2443_2455,RTRtDSysAGQS*V,DSysAGQsV______
CMGC,CDK13,CDK13,59.04,223,-0.6241,131,Q14004,CDK13,FRAP_2443_2455_S12_0b200_O0xO,FRAP_2443_2455,RTRtDSysAGQS*V,DSysAGQsV______
AGC,RPS6KA3,RSK2,58.51,224,-1.4714,194,P51812,RSK2,FRAP_2443_2455_S12_0b200_O0xO,FRAP_2443_2455,RTRtDSysAGQS*V,DSysAGQsV______
CMGC,DYRK4,DYRK4,58.04,225,-0.4917,113,Q9NR20,DYRK4,FRAP_2443_2455_S12_0b200_O0xO,FRAP_2443_2455,RTRtDSysAGQS*V,DSysAGQsV______
AGC,SGK1,SGK1,57.92,226,-2.682,264,O00141,SGK1,FRAP_2443_2455_S12_0b200_O0xO,FRAP_2443_2455,RTRtDSysAGQS*V,DSysAGQsV______
CMGC,DYRK2,DYRK2,57.91,227,-0.1879,89,Q92630,DYRK2,FRAP_2443_2455_S12_0b200_O0xO,FRAP_2443_2455,RTRtDSysAGQS*V,DSysAGQsV______
CAMK,NUAK2,NUAK2,57.87,228,-1.2766,176,Q9H093,NUAK2,FRAP_2443_2455_S12_0b200_O0xO,FRAP_2443_2455,RTRtDSysAGQS*V,DSysAGQsV______
STE,PAK3,PAK3,57.81,229,-2.1102,238,O75914,PAK3,FRAP_2443_2455_S12_0b200_O0xO,FRAP_2443_2455,RTRtDSysAGQS*V,DSysAGQsV______
AGC,ROCK1,ROCK1,57.65,230,-3.7445,299,Q13464,ROCK1,FRAP_2443_2455_S12_0b200_O0xO,FRAP_2443_2455,RTRtDSysAGQS*V,DSysAGQsV______
CAMK,MAPKAPK3,MAPKAPK3,57.6,231,-1.6645,211,Q16644,MAPKAPK3,FRAP_2443_2455_S12_0b200_O0xO,FRAP_2443_2455,RTRtDSysAGQS*V,DSysAGQsV______
CAMK,PRKAA2,AMPKA2,57.43,232,-1.8443,219,P54646,AMPKA2,FRAP_2443_2455_S12_0b200_O0xO,FRAP_2443_2455,RTRtDSysAGQS*V,DSysAGQsV______
CMGC,SRPK2,SRPK2,57.36,233,-1.3592,180,P78362,SRPK2,FRAP_2443_2455_S12_0b200_O0xO,FRAP_2443_2455,RTRtDSysAGQS*V,DSysAGQsV______
AGC,PRKX,PRKX,57.08,234,-3.2539,290,P51817,PRKX,FRAP_2443_2455_S12_0b200_O0xO,FRAP_2443_2455,RTRtDSysAGQS*V,DSysAGQsV______
AGC,PKN3,PKN3,56.94,235,-0.6136,130,Q6P5Z2,PKN3,FRAP_2443_2455_S12_0b200_O0xO,FRAP_2443_2455,RTRtDSysAGQS*V,DSysAGQsV______
CMGC,CDK6,CDK6,56.76,236,-1.6232,208,Q00534,CDK6,FRAP_2443_2455_S12_0b200_O0xO,FRAP_2443_2455,RTRtDSysAGQS*V,DSysAGQsV______
STE,STK10,LOK,56.73,237,-2.9296,275,O94804,LOK,FRAP_2443_2455_S12_0b200_O0xO,FRAP_2443_2455,RTRtDSysAGQS*V,DSysAGQsV______
CMGC,MAPK3,ERK1,56.68,238,-1.1893,168,P27361,ERK1,FRAP_2443_2455_S12_0b200_O0xO,FRAP_2443_2455,RTRtDSysAGQS*V,DSysAGQsV______
CMGC,CDK18,CDK18,56.44,239,-1.3852,185,Q07002,CDK18,FRAP_2443_2455_S12_0b200_O0xO,FRAP_2443_2455,RTRtDSysAGQS*V,DSysAGQsV______
CAMK,PIM3,PIM3,56.29,240,-1.0296,157,Q86V86,PIM3,FRAP_2443_2455_S12_0b200_O0xO,FRAP_2443_2455,RTRtDSysAGQS*V,DSysAGQsV______
CAMK,CAMK1G,CAMK1G,56.23,241,-2.7821,267,Q96NX5,CAMK1G,FRAP_2443_2455_S12_0b200_O0xO,FRAP_2443_2455,RTRtDSysAGQS*V,DSysAGQsV______
AGC,STK38,NDR1,55.55,242,-1.9217,223,Q15208,NDR1,FRAP_2443_2455_S12_0b200_O0xO,FRAP_2443_2455,RTRtDSysAGQS*V,DSysAGQsV______
CAMK,PRKD1,PRKD1,55.18,243,-1.4699,193,Q15139,PKD1,FRAP_2443_2455_S12_0b200_O0xO,FRAP_2443_2455,RTRtDSysAGQS*V,DSysAGQsV______
CMGC,CDK17,CDK17,54.62,244,-2.1245,239,Q00537,CDK17,FRAP_2443_2455_S12_0b200_O0xO,FRAP_2443_2455,RTRtDSysAGQS*V,DSysAGQsV______
CMGC,CDK5,CDK5,54.52,245,-1.7724,214,Q00535,CDK5,FRAP_2443_2455_S12_0b200_O0xO,FRAP_2443_2455,RTRtDSysAGQS*V,DSysAGQsV______
CMGC,MAPK14,P38A,54.37,246,-0.9656,152,Q16539,P38A,FRAP_2443_2455_S12_0b200_O0xO,FRAP_2443_2455,RTRtDSysAGQS*V,DSysAGQsV______
CAMK,CAMK1D,CAMK1D,53.94,247,-2.8579,272,Q8IU85,CAMK1D,FRAP_2443_2455_S12_0b200_O0xO,FRAP_2443_2455,RTRtDSysAGQS*V,DSysAGQsV______
CMGC,MAPK11,P38B,53.84,248,-1.4496,191,Q15759,P38B,FRAP_2443_2455_S12_0b200_O0xO,FRAP_2443_2455,RTRtDSysAGQS*V,DSysAGQsV______
CMGC,DYRK3,DYRK3,53.77,249,-1.2439,171,O43781,DYRK3,FRAP_2443_2455_S12_0b200_O0xO,FRAP_2443_2455,RTRtDSysAGQS*V,DSysAGQsV______
CAMK,CAMK4,CAMK4,53.07,250,-2.6143,258,Q16566,CAMK4,FRAP_2443_2455_S12_0b200_O0xO,FRAP_2443_2455,RTRtDSysAGQS*V,DSysAGQsV______
Other,AURKB,AURB,52.79,251,-3.1617,286,Q96GD4,AURB,FRAP_2443_2455_S12_0b200_O0xO,FRAP_2443_2455,RTRtDSysAGQS*V,DSysAGQsV______
Other,PINK1,PINK1,52.78,252,-1.413,189,Q9BXM7,PINK1,FRAP_2443_2455_S12_0b200_O0xO,FRAP_2443_2455,RTRtDSysAGQS*V,DSysAGQsV______
TKL,LRRK2,LRRK2,52.72,253,-2.9424,276,Q5S007,LRRK2,FRAP_2443_2455_S12_0b200_O0xO,FRAP_2443_2455,RTRtDSysAGQS*V,DSysAGQsV______
AGC,ROCK2,ROCK2,52.39,254,-3.4099,292,O75116,ROCK2,FRAP_2443_2455_S12_0b200_O0xO,FRAP_2443_2455,RTRtDSysAGQS*V,DSysAGQsV______
CMGC,HIPK1,HIPK1,52.19,255,-0.7173,134,Q86Z02,HIPK1,FRAP_2443_2455_S12_0b200_O0xO,FRAP_2443_2455,RTRtDSysAGQS*V,DSysAGQsV______
CAMK,DCLK2,DCAMKL2,52,256,-2.3475,251,Q8N568,DCAMKL2,FRAP_2443_2455_S12_0b200_O0xO,FRAP_2443_2455,RTRtDSysAGQS*V,DSysAGQsV______
PIKK,PRKDC,DNAPK,51.9,257,-1.6681,212,P78527,DNAPK,FRAP_2443_2455_S12_0b200_O0xO,FRAP_2443_2455,RTRtDSysAGQS*V,DSysAGQsV______
CAMK,STK11,LKB1,51.86,258,-2.5353,257,Q15831,LKB1,FRAP_2443_2455_S12_0b200_O0xO,FRAP_2443_2455,RTRtDSysAGQS*V,DSysAGQsV______
Other,AURKC,AURC,51.26,259,-3.1609,285,Q9UQB9,AURC,FRAP_2443_2455_S12_0b200_O0xO,FRAP_2443_2455,RTRtDSysAGQS*V,DSysAGQsV______
AGC,LATS2,LATS2,51.13,260,-2.2414,248,Q9NRM7,LATS2,FRAP_2443_2455_S12_0b200_O0xO,FRAP_2443_2455,RTRtDSysAGQS*V,DSysAGQsV______
CMGC,CDK9,CDK9,51.03,261,-1.8168,218,P50750,CDK9,FRAP_2443_2455_S12_0b200_O0xO,FRAP_2443_2455,RTRtDSysAGQS*V,DSysAGQsV______
CAMK,MYLK3,CAMLCK,51.03,261,-1.0033,153,Q32MK0,caMLCK,FRAP_2443_2455_S12_0b200_O0xO,FRAP_2443_2455,RTRtDSysAGQS*V,DSysAGQsV______
CAMK,CAMK1,CAMK1A,50.86,263,-3.9515,300,Q14012,CAMK1A,FRAP_2443_2455_S12_0b200_O0xO,FRAP_2443_2455,RTRtDSysAGQS*V,DSysAGQsV______
CMGC,HIPK4,HIPK4,50.82,264,-0.7848,142,Q8NE63,HIPK4,FRAP_2443_2455_S12_0b200_O0xO,FRAP_2443_2455,RTRtDSysAGQS*V,DSysAGQsV______
CAMK,PRKD2,PRKD2,50.05,265,-2.3876,253,Q9BZL6,PKD2,FRAP_2443_2455_S12_0b200_O0xO,FRAP_2443_2455,RTRtDSysAGQS*V,DSysAGQsV______
AGC,RPS6KB2,P70S6KB,49.65,266,-1.9498,224,Q9UBS0,S6K2,FRAP_2443_2455_S12_0b200_O0xO,FRAP_2443_2455,RTRtDSysAGQS*V,DSysAGQsV______
CAMK,NUAK1,NUAK1,49.27,267,-2.8644,273,O60285,NUAK1,FRAP_2443_2455_S12_0b200_O0xO,FRAP_2443_2455,RTRtDSysAGQS*V,DSysAGQsV______
Other,EIF2AK1,HRI,49.12,268,-2.3507,252,Q9BQI3,HRI,FRAP_2443_2455_S12_0b200_O0xO,FRAP_2443_2455,RTRtDSysAGQS*V,DSysAGQsV______
CMGC,CILK1,ICK,49.11,269,-2.8063,268,Q9UPZ9,ICK,FRAP_2443_2455_S12_0b200_O0xO,FRAP_2443_2455,RTRtDSysAGQS*V,DSysAGQsV______
AGC,RPS6KB1,P70S6K,48.8,270,-3.4777,294,P23443,S6K1,FRAP_2443_2455_S12_0b200_O0xO,FRAP_2443_2455,RTRtDSysAGQS*V,DSysAGQsV______
STE,PAK6,PAK6,48.45,271,-3.595,296,Q9NQU5,PAK6,FRAP_2443_2455_S12_0b200_O0xO,FRAP_2443_2455,RTRtDSysAGQS*V,DSysAGQsV______
AGC,CDC42BPB,MRCKB,47.76,272,-3.7346,298,Q9Y5S2,MRCKB,FRAP_2443_2455_S12_0b200_O0xO,FRAP_2443_2455,RTRtDSysAGQS*V,DSysAGQsV______
Other,BUB1,BUB1,47.57,273,-3.5859,295,O43683,BUB1,FRAP_2443_2455_S12_0b200_O0xO,FRAP_2443_2455,RTRtDSysAGQS*V,DSysAGQsV______
CMGC,CDK16,CDK16,46.6,274,-2.8535,271,Q00536,CDK16,FRAP_2443_2455_S12_0b200_O0xO,FRAP_2443_2455,RTRtDSysAGQS*V,DSysAGQsV______
CMGC,HIPK3,HIPK3,46.05,275,-1.3858,186,Q9H422,HIPK3,FRAP_2443_2455_S12_0b200_O0xO,FRAP_2443_2455,RTRtDSysAGQS*V,DSysAGQsV______
CMGC,DYRK1B,DYRK1B,45.76,276,-1.8661,221,Q9Y463,DYRK1B,FRAP_2443_2455_S12_0b200_O0xO,FRAP_2443_2455,RTRtDSysAGQS*V,DSysAGQsV______
CMGC,NLK,NLK,45.72,277,-0.4997,114,Q9UBE8,NLK,FRAP_2443_2455_S12_0b200_O0xO,FRAP_2443_2455,RTRtDSysAGQS*V,DSysAGQsV______
AGC,LATS1,LATS1,44.38,278,-1.632,209,O95835,LATS1,FRAP_2443_2455_S12_0b200_O0xO,FRAP_2443_2455,RTRtDSysAGQS*V,DSysAGQsV______
CMGC,CLK3,CLK3,43.43,279,-1.3743,181,P49761,CLK3,FRAP_2443_2455_S12_0b200_O0xO,FRAP_2443_2455,RTRtDSysAGQS*V,DSysAGQsV______
CAMK,PNCK,CAMK1B,43.05,280,-1.0046,154,Q6P2M8,CAMK1B,FRAP_2443_2455_S12_0b200_O0xO,FRAP_2443_2455,RTRtDSysAGQS*V,DSysAGQsV______
CMGC,MAK,MAK,42.81,281,-2.7039,266,P20794,MAK,FRAP_2443_2455_S12_0b200_O0xO,FRAP_2443_2455,RTRtDSysAGQS*V,DSysAGQsV______
CMGC,MAPK7,ERK5,42.78,282,-1.376,182,Q13164,ERK5,FRAP_2443_2455_S12_0b200_O0xO,FRAP_2443_2455,RTRtDSysAGQS*V,DSysAGQsV______
CMGC,MAPK1,ERK2,42.45,283,-2.1266,240,P28482,ERK2,FRAP_2443_2455_S12_0b200_O0xO,FRAP_2443_2455,RTRtDSysAGQS*V,DSysAGQsV______
CMGC,DYRK1A,DYRK1A,42.45,283,-2.0668,234,Q13627,DYRK1A,FRAP_2443_2455_S12_0b200_O0xO,FRAP_2443_2455,RTRtDSysAGQS*V,DSysAGQsV______
CMGC,CDK4,CDK4,41.55,285,-2.9086,274,P11802,CDK4,FRAP_2443_2455_S12_0b200_O0xO,FRAP_2443_2455,RTRtDSysAGQS*V,DSysAGQsV______
CMGC,CDKL2,CDKL2,41.1,286,-2.1888,245,Q92772,CDKL2,FRAP_2443_2455_S12_0b200_O0xO,FRAP_2443_2455,RTRtDSysAGQS*V,DSysAGQsV______
AGC,DMPK,DMPK1,40.42,287,-4.6779,305,Q09013,DMPK1,FRAP_2443_2455_S12_0b200_O0xO,FRAP_2443_2455,RTRtDSysAGQS*V,DSysAGQsV______
CMGC,CDK15,CDK15,40.37,288,-1.8746,222,Q96Q40,CDK15,FRAP_2443_2455_S12_0b200_O0xO,FRAP_2443_2455,RTRtDSysAGQS*V,DSysAGQsV______
CAMK,TSSK3,TSSK3,40.32,289,-4.0296,302,Q96PN8,TSSK3,FRAP_2443_2455_S12_0b200_O0xO,FRAP_2443_2455,RTRtDSysAGQS*V,DSysAGQsV______
CAMK,MELK,MELK,40.27,290,-3.2382,289,Q14680,MELK,FRAP_2443_2455_S12_0b200_O0xO,FRAP_2443_2455,RTRtDSysAGQS*V,DSysAGQsV______
CMGC,MAPK9,JNK2,39.77,291,-1.9582,226,P45984,JNK2,FRAP_2443_2455_S12_0b200_O0xO,FRAP_2443_2455,RTRtDSysAGQS*V,DSysAGQsV______
CAMK,PRKD3,PRKD3,39.43,292,-3.067,282,O94806,PKD3,FRAP_2443_2455_S12_0b200_O0xO,FRAP_2443_2455,RTRtDSysAGQS*V,DSysAGQsV______
CAMK,PIM1,PIM1,38.4,293,-2.1908,246,P11309,PIM1,FRAP_2443_2455_S12_0b200_O0xO,FRAP_2443_2455,RTRtDSysAGQS*V,DSysAGQsV______
CAMK,DAPK2,DAPK2,38.26,294,-1.2814,177,Q9UIK4,DAPK2,FRAP_2443_2455_S12_0b200_O0xO,FRAP_2443_2455,RTRtDSysAGQS*V,DSysAGQsV______
Other,MOS,MOS,37.04,295,-0.7205,136,P00540,MOS,FRAP_2443_2455_S12_0b200_O0xO,FRAP_2443_2455,RTRtDSysAGQS*V,DSysAGQsV______
CMGC,CDK14,CDK14,36.75,296,-3.0155,280,O94921,CDK14,FRAP_2443_2455_S12_0b200_O0xO,FRAP_2443_2455,RTRtDSysAGQS*V,DSysAGQsV______
CMGC,CDKL5,CDKL5,36.64,297,-1.9498,224,O76039,CDKL5,FRAP_2443_2455_S12_0b200_O0xO,FRAP_2443_2455,RTRtDSysAGQS*V,DSysAGQsV______
Other,CDC7,CDC7,36.54,298,-1.7008,213,O00311,CDC7,FRAP_2443_2455_S12_0b200_O0xO,FRAP_2443_2455,RTRtDSysAGQS*V,DSysAGQsV______
CMGC,MOK,MOK,35.26,299,-3.4507,293,Q9UQ07,MOK,FRAP_2443_2455_S12_0b200_O0xO,FRAP_2443_2455,RTRtDSysAGQS*V,DSysAGQsV______
CMGC,CDK10,CDK10,34.92,300,-3.9741,301,Q15131,CDK10,FRAP_2443_2455_S12_0b200_O0xO,FRAP_2443_2455,RTRtDSysAGQS*V,DSysAGQsV______
CMGC,CDK7,CDK7,32.09,301,-2.8178,269,P50613,CDK7,FRAP_2443_2455_S12_0b200_O0xO,FRAP_2443_2455,RTRtDSysAGQS*V,DSysAGQsV______
AGC,CIT,CRIK,29.3,302,-5.5553,308,O14578,CITRON,FRAP_2443_2455_S12_0b200_O0xO,FRAP_2443_2455,RTRtDSysAGQS*V,DSysAGQsV______
Other,BMP2K,BIKE,27.98,303,-5.285,307,Q9NSY1,BIKE,FRAP_2443_2455_S12_0b200_O0xO,FRAP_2443_2455,RTRtDSysAGQS*V,DSysAGQsV______
CMGC,CDKL1,CDKL1,27.46,304,-1.5309,198,Q00532,CDKL1,FRAP_2443_2455_S12_0b200_O0xO,FRAP_2443_2455,RTRtDSysAGQS*V,DSysAGQsV______
AGC,CDC42BPA,MRCKA,25.87,305,-5.0692,306,Q5VT25,MRCKA,FRAP_2443_2455_S12_0b200_O0xO,FRAP_2443_2455,RTRtDSysAGQS*V,DSysAGQsV______
Other,PBK,PBK,25.43,306,-5.9618,310,Q96KB5,PBK,FRAP_2443_2455_S12_0b200_O0xO,FRAP_2443_2455,RTRtDSysAGQS*V,DSysAGQsV______
Other,STK16,MPSK1,24.89,307,-3.6803,297,O75716,MPSK1,FRAP_2443_2455_S12_0b200_O0xO,FRAP_2443_2455,RTRtDSysAGQS*V,DSysAGQsV______
Other,AAK1,AAK1,17.17,308,-7.2296,311,Q2M2I8,AAK1,FRAP_2443_2455_S12_0b200_O0xO,FRAP_2443_2455,RTRtDSysAGQS*V,DSysAGQsV______
CAMK,PIM2,PIM2,15.94,309,-4.2271,303,Q9P1W9,PIM2,FRAP_2443_2455_S12_0b200_O0xO,FRAP_2443_2455,RTRtDSysAGQS*V,DSysAGQsV______
Other,SBK1,SBK,11.52,310,-5.876,309,Q52WX2,SBK,FRAP_2443_2455_S12_0b200_O0xO,FRAP_2443_2455,RTRtDSysAGQS*V,DSysAGQsV______
CAMK,CHEK1,CHK1,8.61,311,-4.4404,304,O14757,CHK1,FRAP_2443_2455_S12_0b200_O0xO,FRAP_2443_2455,RTRtDSysAGQS*V,DSysAGQsV______
