family,geneName,name,percentile,percentileRank,score,scoreRank,uniprotId,displayName,id,peptide_id,sequence,processed_sequence
CAMK,STK17A,DRAK1,99.41,1,2.9183,4,Q9UEE5,DRAK1,FIBA_569_581_S10_0b2056_O0xO,FIBA_569_581,EFPsRGKSSS*YsK,PsRGKSSsYsK____
STE,STK24,MST3,98.95,2,2.1842,18,Q9Y6E0,MST3,FIBA_569_581_S10_0b2056_O0xO,FIBA_569_581,EFPsRGKSSS*YsK,PsRGKSSsYsK____
AGC,PKN2,PKN2,98.43,3,3.0292,3,Q16513,PKN2,FIBA_569_581_S10_0b2056_O0xO,FIBA_569_581,EFPsRGKSSS*YsK,PsRGKSSsYsK____
STE,STK26,MST4,98.17,4,2.5945,7,Q9P289,MST4,FIBA_569_581_S10_0b2056_O0xO,FIBA_569_581,EFPsRGKSSS*YsK,PsRGKSSsYsK____
STE,MAP3K8,COT,98.11,5,2.5475,9,P41279,COT,FIBA_569_581_S10_0b2056_O0xO,FIBA_569_581,EFPsRGKSSS*YsK,PsRGKSSsYsK____
CAMK,DCLK2,DCAMKL2,98.08,6,2.8438,5,Q8N568,DCAMKL2,FIBA_569_581_S10_0b2056_O0xO,FIBA_569_581,EFPsRGKSSS*YsK,PsRGKSSsYsK____
Other,NEK11,NEK11,98.04,7,0.6475,91,Q8NG66,NEK11,FIBA_569_581_S10_0b2056_O0xO,FIBA_569_581,EFPsRGKSSS*YsK,PsRGKSSsYsK____
STE,TAOK2,TAO2,97.9,8,0.7763,83,Q9UL54,TAO2,FIBA_569_581_S10_0b2056_O0xO,FIBA_569_581,EFPsRGKSSS*YsK,PsRGKSSsYsK____
STE,SLK,SLK,97.84,9,1.1398,58,Q9H2G2,SLK,FIBA_569_581_S10_0b2056_O0xO,FIBA_569_581,EFPsRGKSSS*YsK,PsRGKSSsYsK____
AGC,STK32B,YANK2,97.66,10,1.327,45,Q9NY57,YANK2,FIBA_569_581_S10_0b2056_O0xO,FIBA_569_581,EFPsRGKSSS*YsK,PsRGKSSsYsK____
PIKK,MTOR,MTOR,97.64,11,2.3922,14,P42345,MTOR,FIBA_569_581_S10_0b2056_O0xO,FIBA_569_581,EFPsRGKSSS*YsK,PsRGKSSsYsK____
CAMK,MKNK1,MNK1,97.55,12,2.8322,6,Q9BUB5,MNK1,FIBA_569_581_S10_0b2056_O0xO,FIBA_569_581,EFPsRGKSSS*YsK,PsRGKSSsYsK____
STE,TAOK3,TAO3,97.53,13,1.3592,44,Q9H2K8,TAO3,FIBA_569_581_S10_0b2056_O0xO,FIBA_569_581,EFPsRGKSSS*YsK,PsRGKSSsYsK____
CAMK,STK33,STK33,97.41,14,1.1563,56,Q9BYT3,STK33,FIBA_569_581_S10_0b2056_O0xO,FIBA_569_581,EFPsRGKSSS*YsK,PsRGKSSsYsK____
STE,MAP4K1,HPK1,97.12,15,0.8511,79,Q92918,HPK1,FIBA_569_581_S10_0b2056_O0xO,FIBA_569_581,EFPsRGKSSS*YsK,PsRGKSSsYsK____
STE,MAP4K2,GCK,97,16,0.7542,84,Q12851,GCK,FIBA_569_581_S10_0b2056_O0xO,FIBA_569_581,EFPsRGKSSS*YsK,PsRGKSSsYsK____
CAMK,DCLK1,DCAMKL1,96.98,17,3.1005,2,O15075,DCAMKL1,FIBA_569_581_S10_0b2056_O0xO,FIBA_569_581,EFPsRGKSSS*YsK,PsRGKSSsYsK____
CAMK,PHKG2,PHKG2,96.86,18,1.8145,27,P15735,PHKG2,FIBA_569_581_S10_0b2056_O0xO,FIBA_569_581,EFPsRGKSSS*YsK,PsRGKSSsYsK____
TKL,MAP3K12,DLK,96.76,19,0.9287,72,Q12852,DLK,FIBA_569_581_S10_0b2056_O0xO,FIBA_569_581,EFPsRGKSSS*YsK,PsRGKSSsYsK____
AGC,PRKCB,PKCB,96.73,20,2.0443,22,P05771,PKCB,FIBA_569_581_S10_0b2056_O0xO,FIBA_569_581,EFPsRGKSSS*YsK,PsRGKSSsYsK____
AGC,PRKCG,PKCG,96.55,21,2.0683,21,P05129,PKCG,FIBA_569_581_S10_0b2056_O0xO,FIBA_569_581,EFPsRGKSSS*YsK,PsRGKSSsYsK____
STE,TAOK1,TAO1,96.54,22,-0.0469,131,Q7L7X3,TAO1,FIBA_569_581_S10_0b2056_O0xO,FIBA_569_581,EFPsRGKSSS*YsK,PsRGKSSsYsK____
CAMK,NUAK2,NUAK2,96.52,23,2.5271,10,Q9H093,NUAK2,FIBA_569_581_S10_0b2056_O0xO,FIBA_569_581,EFPsRGKSSS*YsK,PsRGKSSsYsK____
STE,STK10,LOK,96.52,23,0.6977,88,O94804,LOK,FIBA_569_581_S10_0b2056_O0xO,FIBA_569_581,EFPsRGKSSS*YsK,PsRGKSSsYsK____
AGC,STK32C,YANK3,96.18,25,1.9043,25,Q86UX6,YANK3,FIBA_569_581_S10_0b2056_O0xO,FIBA_569_581,EFPsRGKSSS*YsK,PsRGKSSsYsK____
AGC,PRKCE,PKCE,96.11,26,1.9567,24,Q02156,PKCE,FIBA_569_581_S10_0b2056_O0xO,FIBA_569_581,EFPsRGKSSS*YsK,PsRGKSSsYsK____
STE,MAP3K6,MEKK6,95.94,27,-0.6113,163,O95382,ASK2,FIBA_569_581_S10_0b2056_O0xO,FIBA_569_581,EFPsRGKSSS*YsK,PsRGKSSsYsK____
CAMK,TSSK4,TSSK4,95.89,28,2.5857,8,Q6SA08,TSSK4,FIBA_569_581_S10_0b2056_O0xO,FIBA_569_581,EFPsRGKSSS*YsK,PsRGKSSsYsK____
STE,MAP3K19,YSK4,95.57,29,0.6368,92,Q56UN5,YSK4,FIBA_569_581_S10_0b2056_O0xO,FIBA_569_581,EFPsRGKSSS*YsK,PsRGKSSsYsK____
STE,MAP3K14,NIK,95.55,30,1.542,37,Q99558,NIK,FIBA_569_581_S10_0b2056_O0xO,FIBA_569_581,EFPsRGKSSS*YsK,PsRGKSSsYsK____
STE,MAP4K3,KHS2,95.38,31,0.4963,99,Q8IVH8,KHS2,FIBA_569_581_S10_0b2056_O0xO,FIBA_569_581,EFPsRGKSSS*YsK,PsRGKSSsYsK____
CAMK,SNRK,SNRK,95.25,32,0.6894,89,Q9NRH2,SNRK,FIBA_569_581_S10_0b2056_O0xO,FIBA_569_581,EFPsRGKSSS*YsK,PsRGKSSsYsK____
CAMK,BRSK2,BRSK2,95.24,33,1.4344,41,Q8IWQ3,BRSK2,FIBA_569_581_S10_0b2056_O0xO,FIBA_569_581,EFPsRGKSSS*YsK,PsRGKSSsYsK____
Other,WNK1,WNK1,95.04,34,1.7334,32,Q9H4A3,WNK1,FIBA_569_581_S10_0b2056_O0xO,FIBA_569_581,EFPsRGKSSS*YsK,PsRGKSSsYsK____
CAMK,BRSK1,BRSK1,95.03,35,1.7175,34,Q8TDC3,BRSK1,FIBA_569_581_S10_0b2056_O0xO,FIBA_569_581,EFPsRGKSSS*YsK,PsRGKSSsYsK____
CAMK,MKNK2,MNK2,94.7,36,2.0971,20,Q9HBH9,MNK2,FIBA_569_581_S10_0b2056_O0xO,FIBA_569_581,EFPsRGKSSS*YsK,PsRGKSSsYsK____
AGC,RPS6KB2,P70S6KB,94.36,37,2.5246,11,Q9UBS0,S6K2,FIBA_569_581_S10_0b2056_O0xO,FIBA_569_581,EFPsRGKSSS*YsK,PsRGKSSsYsK____
Other,WNK3,WNK3,93.99,38,1.1291,59,Q9BYP7,WNK3,FIBA_569_581_S10_0b2056_O0xO,FIBA_569_581,EFPsRGKSSS*YsK,PsRGKSSsYsK____
AGC,STK38,NDR1,93.95,39,1.889,26,Q15208,NDR1,FIBA_569_581_S10_0b2056_O0xO,FIBA_569_581,EFPsRGKSSS*YsK,PsRGKSSsYsK____
AGC,RPS6KA2,RSK3,93.79,40,2.4022,13,Q15349,RSK3,FIBA_569_581_S10_0b2056_O0xO,FIBA_569_581,EFPsRGKSSS*YsK,PsRGKSSsYsK____
TKL,MAP3K20,ZAK,93.66,41,0.0669,122,Q9NYL2,ZAK,FIBA_569_581_S10_0b2056_O0xO,FIBA_569_581,EFPsRGKSSS*YsK,PsRGKSSsYsK____
CAMK,CAMK1G,CAMK1G,93.55,42,1.6065,36,Q96NX5,CAMK1G,FIBA_569_581_S10_0b2056_O0xO,FIBA_569_581,EFPsRGKSSS*YsK,PsRGKSSsYsK____
AGC,PRKCQ,PKCT,93.53,43,1.1659,54,Q04759,PKCT,FIBA_569_581_S10_0b2056_O0xO,FIBA_569_581,EFPsRGKSSS*YsK,PsRGKSSsYsK____
CAMK,PRKAA1,AMPKA1,93.48,44,1.7667,30,Q13131,AMPKA1,FIBA_569_581_S10_0b2056_O0xO,FIBA_569_581,EFPsRGKSSS*YsK,PsRGKSSsYsK____
AGC,PRKCD,PKCD,93.45,45,1.4793,39,Q05655,PKCD,FIBA_569_581_S10_0b2056_O0xO,FIBA_569_581,EFPsRGKSSS*YsK,PsRGKSSsYsK____
Other,EIF2AK4,GCN2,93.38,46,0.4281,102,Q9P2K8,GCN2,FIBA_569_581_S10_0b2056_O0xO,FIBA_569_581,EFPsRGKSSS*YsK,PsRGKSSsYsK____
AGC,PRKCZ,PKCZ,93.32,47,1.2816,47,Q05513,PKCZ,FIBA_569_581_S10_0b2056_O0xO,FIBA_569_581,EFPsRGKSSS*YsK,PsRGKSSsYsK____
AGC,PRKCH,PKCH,93.27,48,1.0348,66,P24723,PKCH,FIBA_569_581_S10_0b2056_O0xO,FIBA_569_581,EFPsRGKSSS*YsK,PsRGKSSsYsK____
AGC,PKN1,PKN1,93.22,49,1.1221,60,Q16512,PKN1,FIBA_569_581_S10_0b2056_O0xO,FIBA_569_581,EFPsRGKSSS*YsK,PsRGKSSsYsK____
CAMK,CAMK4,CAMK4,93.18,50,1.5126,38,Q16566,CAMK4,FIBA_569_581_S10_0b2056_O0xO,FIBA_569_581,EFPsRGKSSS*YsK,PsRGKSSsYsK____
STE,MAP3K3,MEKK3,93.17,51,0.0057,124,Q99759,MEKK3,FIBA_569_581_S10_0b2056_O0xO,FIBA_569_581,EFPsRGKSSS*YsK,PsRGKSSsYsK____
AGC,AKT2,AKT2,93.15,52,2.3799,15,P31751,AKT2,FIBA_569_581_S10_0b2056_O0xO,FIBA_569_581,EFPsRGKSSS*YsK,PsRGKSSsYsK____
CMGC,CLK2,CLK2,93.11,53,3.7914,1,P49760,CLK2,FIBA_569_581_S10_0b2056_O0xO,FIBA_569_581,EFPsRGKSSS*YsK,PsRGKSSsYsK____
AGC,PRKCI,PKCI,92.96,54,0.879,77,P41743,PKCI,FIBA_569_581_S10_0b2056_O0xO,FIBA_569_581,EFPsRGKSSS*YsK,PsRGKSSsYsK____
CAMK,PHKG1,PHKG1,92.88,55,0.8992,76,Q16816,PHKG1,FIBA_569_581_S10_0b2056_O0xO,FIBA_569_581,EFPsRGKSSS*YsK,PsRGKSSsYsK____
CAMK,PRKAA2,AMPKA2,92.75,56,1.7765,29,P54646,AMPKA2,FIBA_569_581_S10_0b2056_O0xO,FIBA_569_581,EFPsRGKSSS*YsK,PsRGKSSsYsK____
TKL,RAF1,RAF1,92.71,57,0.9008,75,P04049,RAF1,FIBA_569_581_S10_0b2056_O0xO,FIBA_569_581,EFPsRGKSSS*YsK,PsRGKSSsYsK____
Other,WNK2,WNK2,92.59,58,1.2815,48,Q9Y3S1,WNK2,FIBA_569_581_S10_0b2056_O0xO,FIBA_569_581,EFPsRGKSSS*YsK,PsRGKSSsYsK____
AGC,CIT,CRIK,92.57,59,1.155,57,O14578,CITRON,FIBA_569_581_S10_0b2056_O0xO,FIBA_569_581,EFPsRGKSSS*YsK,PsRGKSSsYsK____
AGC,RPS6KA6,RSK4,92.54,60,2.135,19,Q9UK32,RSK4,FIBA_569_581_S10_0b2056_O0xO,FIBA_569_581,EFPsRGKSSS*YsK,PsRGKSSsYsK____
AGC,CDC42BPA,MRCKA,92.28,61,1.2428,51,Q5VT25,MRCKA,FIBA_569_581_S10_0b2056_O0xO,FIBA_569_581,EFPsRGKSSS*YsK,PsRGKSSsYsK____
CAMK,MELK,MELK,92.12,62,1.4163,42,Q14680,MELK,FIBA_569_581_S10_0b2056_O0xO,FIBA_569_581,EFPsRGKSSS*YsK,PsRGKSSsYsK____
CMGC,CLK3,CLK3,91.98,63,2.2512,17,P49761,CLK3,FIBA_569_581_S10_0b2056_O0xO,FIBA_569_581,EFPsRGKSSS*YsK,PsRGKSSsYsK____
STE,PAK6,PAK6,91.98,63,1.0991,62,Q9NQU5,PAK6,FIBA_569_581_S10_0b2056_O0xO,FIBA_569_581,EFPsRGKSSS*YsK,PsRGKSSsYsK____
AGC,PRKCA,PKCA,91.82,65,1.0154,68,P17252,PKCA,FIBA_569_581_S10_0b2056_O0xO,FIBA_569_581,EFPsRGKSSS*YsK,PsRGKSSsYsK____
CAMK,MARK3,MARK3,91.58,66,0.6109,93,P27448,MARK3,FIBA_569_581_S10_0b2056_O0xO,FIBA_569_581,EFPsRGKSSS*YsK,PsRGKSSsYsK____
CAMK,PIM3,PIM3,91.42,67,1.7272,33,Q86V86,PIM3,FIBA_569_581_S10_0b2056_O0xO,FIBA_569_581,EFPsRGKSSS*YsK,PsRGKSSsYsK____
Alpha,EEF2K,EEF2K,91.24,68,-0.5317,160,O00418,EEF2K,FIBA_569_581_S10_0b2056_O0xO,FIBA_569_581,EFPsRGKSSS*YsK,PsRGKSSsYsK____
AGC,RPS6KA3,RSK2,91.07,69,2.0272,23,P51812,RSK2,FIBA_569_581_S10_0b2056_O0xO,FIBA_569_581,EFPsRGKSSS*YsK,PsRGKSSsYsK____
CMGC,CLK1,CLK1,90.94,70,2.4646,12,P49759,CLK1,FIBA_569_581_S10_0b2056_O0xO,FIBA_569_581,EFPsRGKSSS*YsK,PsRGKSSsYsK____
STE,TNIK,TNIK,90.79,71,-0.4434,151,Q9UKE5,TNIK,FIBA_569_581_S10_0b2056_O0xO,FIBA_569_581,EFPsRGKSSS*YsK,PsRGKSSsYsK____
CAMK,CHEK2,CHK2,90.4,72,1.2154,53,O96017,CHK2,FIBA_569_581_S10_0b2056_O0xO,FIBA_569_581,EFPsRGKSSS*YsK,PsRGKSSsYsK____
AGC,STK38L,NDR2,90.35,73,1.3906,43,Q9Y2H1,NDR2,FIBA_569_581_S10_0b2056_O0xO,FIBA_569_581,EFPsRGKSSS*YsK,PsRGKSSsYsK____
STE,MAP4K5,KHS1,90.26,74,-0.4845,156,Q9Y4K4,KHS1,FIBA_569_581_S10_0b2056_O0xO,FIBA_569_581,EFPsRGKSSS*YsK,PsRGKSSsYsK____
CAMK,PIM1,PIM1,90.2,75,1.7813,28,P11309,PIM1,FIBA_569_581_S10_0b2056_O0xO,FIBA_569_581,EFPsRGKSSS*YsK,PsRGKSSsYsK____
CAMK,NUAK1,NUAK1,90.17,76,0.6793,90,O60285,NUAK1,FIBA_569_581_S10_0b2056_O0xO,FIBA_569_581,EFPsRGKSSS*YsK,PsRGKSSsYsK____
CAMK,PRKD2,PRKD2,90.12,77,1.6429,35,Q9BZL6,PKD2,FIBA_569_581_S10_0b2056_O0xO,FIBA_569_581,EFPsRGKSSS*YsK,PsRGKSSsYsK____
AGC,RPS6KB1,P70S6K,90.04,78,1.0352,65,P23443,S6K1,FIBA_569_581_S10_0b2056_O0xO,FIBA_569_581,EFPsRGKSSS*YsK,PsRGKSSsYsK____
STE,PAK3,PAK3,90,79,0.9129,74,O75914,PAK3,FIBA_569_581_S10_0b2056_O0xO,FIBA_569_581,EFPsRGKSSS*YsK,PsRGKSSsYsK____
STE,PAK5,PAK5,89.94,80,0.2764,110,Q9P286,PAK5,FIBA_569_581_S10_0b2056_O0xO,FIBA_569_581,EFPsRGKSSS*YsK,PsRGKSSsYsK____
CMGC,CLK4,CLK4,89.84,81,2.2873,16,Q9HAZ1,CLK4,FIBA_569_581_S10_0b2056_O0xO,FIBA_569_581,EFPsRGKSSS*YsK,PsRGKSSsYsK____
STE,PAK1,PAK1,89.79,82,1.0245,67,Q13153,PAK1,FIBA_569_581_S10_0b2056_O0xO,FIBA_569_581,EFPsRGKSSS*YsK,PsRGKSSsYsK____
CAMK,SIK2,QIK,89.78,83,0.4992,98,Q9H0K1,QIK,FIBA_569_581_S10_0b2056_O0xO,FIBA_569_581,EFPsRGKSSS*YsK,PsRGKSSsYsK____
CAMK,PRKD3,PRKD3,89.63,84,1.4641,40,O94806,PKD3,FIBA_569_581_S10_0b2056_O0xO,FIBA_569_581,EFPsRGKSSS*YsK,PsRGKSSsYsK____
CAMK,MYLK4,MYLK4,89.53,85,1.0789,63,Q86YV6,MYLK4,FIBA_569_581_S10_0b2056_O0xO,FIBA_569_581,EFPsRGKSSS*YsK,PsRGKSSsYsK____
STE,PAK4,PAK4,89.44,86,-0.0876,133,O96013,PAK4,FIBA_569_581_S10_0b2056_O0xO,FIBA_569_581,EFPsRGKSSS*YsK,PsRGKSSsYsK____
AGC,LATS2,LATS2,89.4,87,0.8293,80,Q9NRM7,LATS2,FIBA_569_581_S10_0b2056_O0xO,FIBA_569_581,EFPsRGKSSS*YsK,PsRGKSSsYsK____
CAMK,MARK1,MARK1,89.36,88,0.2252,113,Q9P0L2,MARK1,FIBA_569_581_S10_0b2056_O0xO,FIBA_569_581,EFPsRGKSSS*YsK,PsRGKSSsYsK____
AGC,AKT1,AKT1,89.34,89,1.041,64,P31749,AKT1,FIBA_569_581_S10_0b2056_O0xO,FIBA_569_581,EFPsRGKSSS*YsK,PsRGKSSsYsK____
CAMK,TSSK3,TSSK3,89.28,90,1.1659,54,Q96PN8,TSSK3,FIBA_569_581_S10_0b2056_O0xO,FIBA_569_581,EFPsRGKSSS*YsK,PsRGKSSsYsK____
AGC,AKT3,AKT3,89.14,91,0.7075,86,Q9Y243,AKT3,FIBA_569_581_S10_0b2056_O0xO,FIBA_569_581,EFPsRGKSSS*YsK,PsRGKSSsYsK____
CAMK,CAMK2A,CAMK2A,89,92,1.7438,31,Q9UQM7,CAMK2A,FIBA_569_581_S10_0b2056_O0xO,FIBA_569_581,EFPsRGKSSS*YsK,PsRGKSSsYsK____
TKL,RIPK1,RIPK1,88.96,93,0.4009,104,Q13546,RIPK1,FIBA_569_581_S10_0b2056_O0xO,FIBA_569_581,EFPsRGKSSS*YsK,PsRGKSSsYsK____
CAMK,PIM2,PIM2,88.96,93,1.1131,61,Q9P1W9,PIM2,FIBA_569_581_S10_0b2056_O0xO,FIBA_569_581,EFPsRGKSSS*YsK,PsRGKSSsYsK____
AGC,ROCK1,ROCK1,88.95,95,-0.21560000000000001,139,Q13464,ROCK1,FIBA_569_581_S10_0b2056_O0xO,FIBA_569_581,EFPsRGKSSS*YsK,PsRGKSSsYsK____
STE,STK4,MST1,88.92,96,-0.6272,164,Q13043,MST1,FIBA_569_581_S10_0b2056_O0xO,FIBA_569_581,EFPsRGKSSS*YsK,PsRGKSSsYsK____
AGC,RPS6KA5,MSK1,88.88,97,1.294,46,O75582,MSK1,FIBA_569_581_S10_0b2056_O0xO,FIBA_569_581,EFPsRGKSSS*YsK,PsRGKSSsYsK____
STE,STK25,YSK1,88.78,98,-1.2396,202,O00506,YSK1,FIBA_569_581_S10_0b2056_O0xO,FIBA_569_581,EFPsRGKSSS*YsK,PsRGKSSsYsK____
AGC,PRKACG,PKACG,88.35,99,0.9181,73,P22612,PKACG,FIBA_569_581_S10_0b2056_O0xO,FIBA_569_581,EFPsRGKSSS*YsK,PsRGKSSsYsK____
AGC,RPS6KA4,MSK2,88.23,100,0.9596,70,O75676,MSK2,FIBA_569_581_S10_0b2056_O0xO,FIBA_569_581,EFPsRGKSSS*YsK,PsRGKSSsYsK____
AGC,PRKACB,PKACB,88.22,101,0.9492,71,P22694,PKACB,FIBA_569_581_S10_0b2056_O0xO,FIBA_569_581,EFPsRGKSSS*YsK,PsRGKSSsYsK____
AGC,DMPK,DMPK1,87.88,102,-0.348,146,Q09013,DMPK1,FIBA_569_581_S10_0b2056_O0xO,FIBA_569_581,EFPsRGKSSS*YsK,PsRGKSSsYsK____
AGC,RPS6KA1,P90RSK,87.82,103,1.2464,50,Q15418,RSK1,FIBA_569_581_S10_0b2056_O0xO,FIBA_569_581,EFPsRGKSSS*YsK,PsRGKSSsYsK____
AGC,PRKX,PRKX,87.79,104,0.7794,82,P51817,PRKX,FIBA_569_581_S10_0b2056_O0xO,FIBA_569_581,EFPsRGKSSS*YsK,PsRGKSSsYsK____
Other,PLK4,PLK4,87.75,105,-0.9314,185,O00444,PLK4,FIBA_569_581_S10_0b2056_O0xO,FIBA_569_581,EFPsRGKSSS*YsK,PsRGKSSsYsK____
CAMK,TSSK6,SSTK,87.64,106,0.1485,118,Q9BXA6,SSTK,FIBA_569_581_S10_0b2056_O0xO,FIBA_569_581,EFPsRGKSSS*YsK,PsRGKSSsYsK____
Other,AURKA,AURA,87.49,107,0.1338,119,O14965,AURA,FIBA_569_581_S10_0b2056_O0xO,FIBA_569_581,EFPsRGKSSS*YsK,PsRGKSSsYsK____
Other,CHUK,IKKA,87.42,108,0.2485,112,O15111,IKKA,FIBA_569_581_S10_0b2056_O0xO,FIBA_569_581,EFPsRGKSSS*YsK,PsRGKSSsYsK____
Other,ULK2,ULK2,87.41,109,-0.0251,128,Q8IYT8,ULK2,FIBA_569_581_S10_0b2056_O0xO,FIBA_569_581,EFPsRGKSSS*YsK,PsRGKSSsYsK____
AGC,CDC42BPB,MRCKB,87.35,110,0.1896,114,Q9Y5S2,MRCKB,FIBA_569_581_S10_0b2056_O0xO,FIBA_569_581,EFPsRGKSSS*YsK,PsRGKSSsYsK____
AGC,SGK3,SGK3,86.96,111,0.8622,78,Q96BR1,SGK3,FIBA_569_581_S10_0b2056_O0xO,FIBA_569_581,EFPsRGKSSS*YsK,PsRGKSSsYsK____
CAMK,TSSK2,TSSK2,86.82,112,0.6043,94,Q96PF2,TSSK2,FIBA_569_581_S10_0b2056_O0xO,FIBA_569_581,EFPsRGKSSS*YsK,PsRGKSSsYsK____
CAMK,SIK1,SIK,86.79,113,0.2576,111,P57059,SIK,FIBA_569_581_S10_0b2056_O0xO,FIBA_569_581,EFPsRGKSSS*YsK,PsRGKSSsYsK____
CAMK,PNCK,CAMK1B,86.74,114,1.2202,52,Q6P2M8,CAMK1B,FIBA_569_581_S10_0b2056_O0xO,FIBA_569_581,EFPsRGKSSS*YsK,PsRGKSSsYsK____
CAMK,PASK,PASK,86.67,115,0.3175,107,Q96RG2,PASK,FIBA_569_581_S10_0b2056_O0xO,FIBA_569_581,EFPsRGKSSS*YsK,PsRGKSSsYsK____
CAMK,SIK3,QSK,86.5,116,0.1641,116,Q9Y2K2,QSK,FIBA_569_581_S10_0b2056_O0xO,FIBA_569_581,EFPsRGKSSS*YsK,PsRGKSSsYsK____
CAMK,MYLK,SMMLCK,86.35,117,-0.0187,127,Q15746,smMLCK,FIBA_569_581_S10_0b2056_O0xO,FIBA_569_581,EFPsRGKSSS*YsK,PsRGKSSsYsK____
STE,PAK2,PAK2,86.2,118,0.1234,120,Q13177,PAK2,FIBA_569_581_S10_0b2056_O0xO,FIBA_569_581,EFPsRGKSSS*YsK,PsRGKSSsYsK____
Other,HASPIN,HASPIN,86.2,118,-1.3111,205,Q8TF76,HASPIN,FIBA_569_581_S10_0b2056_O0xO,FIBA_569_581,EFPsRGKSSS*YsK,PsRGKSSsYsK____
STE,MAP2K5,MEK5,86.16,120,-0.9544,187,Q13163,MEK5,FIBA_569_581_S10_0b2056_O0xO,FIBA_569_581,EFPsRGKSSS*YsK,PsRGKSSsYsK____
CAMK,TSSK1B,TSSK1,86.15,121,0.5428,96,Q9BXA7,TSSK1,FIBA_569_581_S10_0b2056_O0xO,FIBA_569_581,EFPsRGKSSS*YsK,PsRGKSSsYsK____
Other,ULK1,ULK1,86.07,122,-0.7606,175,O75385,ULK1,FIBA_569_581_S10_0b2056_O0xO,FIBA_569_581,EFPsRGKSSS*YsK,PsRGKSSsYsK____
CAMK,MAPKAPK3,MAPKAPK3,86.02,123,0.7991,81,Q16644,MAPKAPK3,FIBA_569_581_S10_0b2056_O0xO,FIBA_569_581,EFPsRGKSSS*YsK,PsRGKSSsYsK____
CAMK,MAPKAPK2,MAPKAPK2,86.02,123,0.9658,69,P49137,MAPKAPK2,FIBA_569_581_S10_0b2056_O0xO,FIBA_569_581,EFPsRGKSSS*YsK,PsRGKSSsYsK____
STE,MINK1,MINK,85.83,125,-1.415,210,Q8N4C8,MINK,FIBA_569_581_S10_0b2056_O0xO,FIBA_569_581,EFPsRGKSSS*YsK,PsRGKSSsYsK____
STE,MAP3K15,MAP3K15,85.72,126,-1.189,199,Q6ZN16,ASK3,FIBA_569_581_S10_0b2056_O0xO,FIBA_569_581,EFPsRGKSSS*YsK,PsRGKSSsYsK____
Alpha,TRPM6,CHAK2,85.53,127,0.1008,121,Q9BX84,TRPM6,FIBA_569_581_S10_0b2056_O0xO,FIBA_569_581,EFPsRGKSSS*YsK,PsRGKSSsYsK____
PIKK,PRKDC,DNAPK,85.33,128,0.2854,109,P78527,DNAPK,FIBA_569_581_S10_0b2056_O0xO,FIBA_569_581,EFPsRGKSSS*YsK,PsRGKSSsYsK____
TKL,RIPK2,RIPK2,85.22,129,-1.688,221,O43353,RIPK2,FIBA_569_581_S10_0b2056_O0xO,FIBA_569_581,EFPsRGKSSS*YsK,PsRGKSSsYsK____
AGC,SGK1,SGK1,85.06,130,0.5753,95,O00141,SGK1,FIBA_569_581_S10_0b2056_O0xO,FIBA_569_581,EFPsRGKSSS*YsK,PsRGKSSsYsK____
Other,WNK4,WNK4,85.05,131,-0.1399,136,Q96J92,WNK4,FIBA_569_581_S10_0b2056_O0xO,FIBA_569_581,EFPsRGKSSS*YsK,PsRGKSSsYsK____
CAMK,CAMK1D,CAMK1D,85.05,131,0.4566,100,Q8IU85,CAMK1D,FIBA_569_581_S10_0b2056_O0xO,FIBA_569_581,EFPsRGKSSS*YsK,PsRGKSSsYsK____
Other,PBK,PBK,84.73,133,-1.2376,201,Q96KB5,PBK,FIBA_569_581_S10_0b2056_O0xO,FIBA_569_581,EFPsRGKSSS*YsK,PsRGKSSsYsK____
TKL,MAP3K7,TAK1,84.68,134,-1.8012,225,O43318,TAK1,FIBA_569_581_S10_0b2056_O0xO,FIBA_569_581,EFPsRGKSSS*YsK,PsRGKSSsYsK____
AGC,PRKG2,PKG2,84.53,135,-0.0621,132,Q13237,PKG2,FIBA_569_581_S10_0b2056_O0xO,FIBA_569_581,EFPsRGKSSS*YsK,PsRGKSSsYsK____
AGC,ROCK2,ROCK2,84.45,136,-0.5791,161,O75116,ROCK2,FIBA_569_581_S10_0b2056_O0xO,FIBA_569_581,EFPsRGKSSS*YsK,PsRGKSSsYsK____
TKL,MAP3K21,MLK4,84.29,137,-0.7726,176,Q5TCX8,MLK4,FIBA_569_581_S10_0b2056_O0xO,FIBA_569_581,EFPsRGKSSS*YsK,PsRGKSSsYsK____
CAMK,CAMK1,CAMK1A,83.81,138,-0.3797,147,Q14012,CAMK1A,FIBA_569_581_S10_0b2056_O0xO,FIBA_569_581,EFPsRGKSSS*YsK,PsRGKSSsYsK____
TKL,LRRK2,LRRK2,83.8,139,-1.3432,207,Q5S007,LRRK2,FIBA_569_581_S10_0b2056_O0xO,FIBA_569_581,EFPsRGKSSS*YsK,PsRGKSSsYsK____
CAMK,MYLK2,SKMLCK,83.76,140,-0.1392,135,Q9H1R3,skMLCK,FIBA_569_581_S10_0b2056_O0xO,FIBA_569_581,EFPsRGKSSS*YsK,PsRGKSSsYsK____
STE,MYO3A,MYO3A,83.59,141,-2.4201,256,Q8NEV4,MYO3A,FIBA_569_581_S10_0b2056_O0xO,FIBA_569_581,EFPsRGKSSS*YsK,PsRGKSSsYsK____
CAMK,DAPK1,DAPK1,83.58,142,-0.2925,143,P53355,DAPK1,FIBA_569_581_S10_0b2056_O0xO,FIBA_569_581,EFPsRGKSSS*YsK,PsRGKSSsYsK____
Alpha,TRPM7,CHAK1,83.54,143,-0.3356,145,Q96QT4,TRPM7,FIBA_569_581_S10_0b2056_O0xO,FIBA_569_581,EFPsRGKSSS*YsK,PsRGKSSsYsK____
AGC,PRKACA,PKACA,83.17,144,-0.2323,141,P17612,PKACA,FIBA_569_581_S10_0b2056_O0xO,FIBA_569_581,EFPsRGKSSS*YsK,PsRGKSSsYsK____
STE,MAP4K4,HGK,82.84,145,-1.4021,209,O95819,HGK,FIBA_569_581_S10_0b2056_O0xO,FIBA_569_581,EFPsRGKSSS*YsK,PsRGKSSsYsK____
AGC,LATS1,LATS1,82.67,146,0.7521,85,O95835,LATS1,FIBA_569_581_S10_0b2056_O0xO,FIBA_569_581,EFPsRGKSSS*YsK,PsRGKSSsYsK____
STE,MAP3K5,ASK1,82.54,147,-2.4997,260,Q99683,ASK1,FIBA_569_581_S10_0b2056_O0xO,FIBA_569_581,EFPsRGKSSS*YsK,PsRGKSSsYsK____
TKL,IRAK4,IRAK4,82.53,148,-0.4117,149,Q9NWZ3,IRAK4,FIBA_569_581_S10_0b2056_O0xO,FIBA_569_581,EFPsRGKSSS*YsK,PsRGKSSsYsK____
Other,GAK,GAK,81.54,149,-1.2616,204,O14976,GAK,FIBA_569_581_S10_0b2056_O0xO,FIBA_569_581,EFPsRGKSSS*YsK,PsRGKSSsYsK____
CAMK,CAMK2B,CAMK2B,81.45,150,0.7057,87,Q13554,CAMK2B,FIBA_569_581_S10_0b2056_O0xO,FIBA_569_581,EFPsRGKSSS*YsK,PsRGKSSsYsK____
TKL,MAP3K9,MLK1,81.43,151,-0.3836,148,P80192,MLK1,FIBA_569_581_S10_0b2056_O0xO,FIBA_569_581,EFPsRGKSSS*YsK,PsRGKSSsYsK____
STE,MAP2K1,MEK1,81.36,152,-0.899,184,Q02750,MEK1,FIBA_569_581_S10_0b2056_O0xO,FIBA_569_581,EFPsRGKSSS*YsK,PsRGKSSsYsK____
TKL,MAP3K11,MLK3,81.29,153,-0.5965,162,Q16584,MLK3,FIBA_569_581_S10_0b2056_O0xO,FIBA_569_581,EFPsRGKSSS*YsK,PsRGKSSsYsK____
Other,AURKB,AURB,81.21,154,-0.7824,178,Q96GD4,AURB,FIBA_569_581_S10_0b2056_O0xO,FIBA_569_581,EFPsRGKSSS*YsK,PsRGKSSsYsK____
STE,OXSR1,OSR1,81.08,155,-2.1795,242,O95747,OSR1,FIBA_569_581_S10_0b2056_O0xO,FIBA_569_581,EFPsRGKSSS*YsK,PsRGKSSsYsK____
TKL,DSTYK,DSTYK,80.76,156,-0.0338,130,Q6XUX3,DSTYK,FIBA_569_581_S10_0b2056_O0xO,FIBA_569_581,EFPsRGKSSS*YsK,PsRGKSSsYsK____
CAMK,MARK2,MARK2,80.68,157,-0.804,179,Q7KZI7,MARK2,FIBA_569_581_S10_0b2056_O0xO,FIBA_569_581,EFPsRGKSSS*YsK,PsRGKSSsYsK____
Other,EIF2AK1,HRI,80.41,158,-0.8748,181,Q9BQI3,HRI,FIBA_569_581_S10_0b2056_O0xO,FIBA_569_581,EFPsRGKSSS*YsK,PsRGKSSsYsK____
Other,AURKC,AURC,80.03,159,-0.6888,169,Q9UQB9,AURC,FIBA_569_581_S10_0b2056_O0xO,FIBA_569_581,EFPsRGKSSS*YsK,PsRGKSSsYsK____
Other,TBK1,TBK1,80,160,-0.4734,153,Q9UHD2,TBK1,FIBA_569_581_S10_0b2056_O0xO,FIBA_569_581,EFPsRGKSSS*YsK,PsRGKSSsYsK____
Other,IKBKE,IKKE,79.78,161,-0.8573,180,Q14164,IKKE,FIBA_569_581_S10_0b2056_O0xO,FIBA_569_581,EFPsRGKSSS*YsK,PsRGKSSsYsK____
Other,TP53RK,PRPK,79.73,162,0.1665,115,Q96S44,PRPK,FIBA_569_581_S10_0b2056_O0xO,FIBA_569_581,EFPsRGKSSS*YsK,PsRGKSSsYsK____
CAMK,MYLK3,CAMLCK,79.68,163,0.3099,108,Q32MK0,caMLCK,FIBA_569_581_S10_0b2056_O0xO,FIBA_569_581,EFPsRGKSSS*YsK,PsRGKSSsYsK____
CK1,VRK1,VRK1,79.64,164,-2.2761,247,Q99986,VRK1,FIBA_569_581_S10_0b2056_O0xO,FIBA_569_581,EFPsRGKSSS*YsK,PsRGKSSsYsK____
TKL,RIPK3,RIPK3,79.64,164,-0.6743,168,Q9Y572,RIPK3,FIBA_569_581_S10_0b2056_O0xO,FIBA_569_581,EFPsRGKSSS*YsK,PsRGKSSsYsK____
Other,ERN1,IRE1,79.28,166,-0.7414,173,O75460,IRE1,FIBA_569_581_S10_0b2056_O0xO,FIBA_569_581,EFPsRGKSSS*YsK,PsRGKSSsYsK____
CMGC,CDK2,CDK2,78.99,167,1.2686,49,P24941,CDK2,FIBA_569_581_S10_0b2056_O0xO,FIBA_569_581,EFPsRGKSSS*YsK,PsRGKSSsYsK____
CAMK,DAPK3,DAPK3,78.9,168,-1.1137,192,O43293,DAPK3,FIBA_569_581_S10_0b2056_O0xO,FIBA_569_581,EFPsRGKSSS*YsK,PsRGKSSsYsK____
Other,IKBKB,IKKB,78.75,169,0.0025,125,O14920,IKKB,FIBA_569_581_S10_0b2056_O0xO,FIBA_569_581,EFPsRGKSSS*YsK,PsRGKSSsYsK____
CMGC,CDKL2,CDKL2,78.61,170,0.4182,103,Q92772,CDKL2,FIBA_569_581_S10_0b2056_O0xO,FIBA_569_581,EFPsRGKSSS*YsK,PsRGKSSsYsK____
CAMK,DAPK2,DAPK2,78.5,171,0.1604,117,Q9UIK4,DAPK2,FIBA_569_581_S10_0b2056_O0xO,FIBA_569_581,EFPsRGKSSS*YsK,PsRGKSSsYsK____
CAMK,CAMK2D,CAMK2D,78.34,172,0.0458,123,Q13557,CAMK2D,FIBA_569_581_S10_0b2056_O0xO,FIBA_569_581,EFPsRGKSSS*YsK,PsRGKSSsYsK____
CAMK,MARK4,MARK4,78.21,173,-0.4836,155,Q96L34,MARK4,FIBA_569_581_S10_0b2056_O0xO,FIBA_569_581,EFPsRGKSSS*YsK,PsRGKSSsYsK____
CAMK,HUNK,HUNK,78.09,174,-1.0861,191,P57058,HUNK,FIBA_569_581_S10_0b2056_O0xO,FIBA_569_581,EFPsRGKSSS*YsK,PsRGKSSsYsK____
TKL,ACVR1C,ALK7,77.8,175,0.4295,101,Q8NER5,ALK7,FIBA_569_581_S10_0b2056_O0xO,FIBA_569_581,EFPsRGKSSS*YsK,PsRGKSSsYsK____
CAMK,MAPKAPK5,MAPKAPK5,76.75,176,-1.2443,203,Q8IW41,MAPKAPK5,FIBA_569_581_S10_0b2056_O0xO,FIBA_569_581,EFPsRGKSSS*YsK,PsRGKSSsYsK____
AGC,PRKG1,PKG1,76.56,177,-2.6953,269,Q13976,PKG1,FIBA_569_581_S10_0b2056_O0xO,FIBA_569_581,EFPsRGKSSS*YsK,PsRGKSSsYsK____
CMGC,CDKL1,CDKL1,76.42,178,0.5058,97,Q00532,CDKL1,FIBA_569_581_S10_0b2056_O0xO,FIBA_569_581,EFPsRGKSSS*YsK,PsRGKSSsYsK____
Other,NEK9,NEK9,76.31,179,-0.5062,158,Q8TD19,NEK9,FIBA_569_581_S10_0b2056_O0xO,FIBA_569_581,EFPsRGKSSS*YsK,PsRGKSSsYsK____
Other,PLK3,PLK3,75.99,180,-0.4683,152,Q9H4B4,PLK3,FIBA_569_581_S10_0b2056_O0xO,FIBA_569_581,EFPsRGKSSS*YsK,PsRGKSSsYsK____
Other,SBK1,SBK,75.47,181,-0.6714,167,Q52WX2,SBK,FIBA_569_581_S10_0b2056_O0xO,FIBA_569_581,EFPsRGKSSS*YsK,PsRGKSSsYsK____
TKL,MAP3K10,MLK2,75.35,182,-0.5174,159,Q02779,MLK2,FIBA_569_581_S10_0b2056_O0xO,FIBA_569_581,EFPsRGKSSS*YsK,PsRGKSSsYsK____
Other,ULK3,ULK3,75.18,183,-1.6648,219,Q6PHR2,ULK3,FIBA_569_581_S10_0b2056_O0xO,FIBA_569_581,EFPsRGKSSS*YsK,PsRGKSSsYsK____
CMGC,CDK3,CDK3,74.97,184,0.323,106,Q00526,CDK3,FIBA_569_581_S10_0b2056_O0xO,FIBA_569_581,EFPsRGKSSS*YsK,PsRGKSSsYsK____
CAMK,PRKD1,PRKD1,74.83,185,-0.0308,129,Q15139,PKD1,FIBA_569_581_S10_0b2056_O0xO,FIBA_569_581,EFPsRGKSSS*YsK,PsRGKSSsYsK____
CMGC,SRPK2,SRPK2,74.6,186,-0.0059,126,P78362,SRPK2,FIBA_569_581_S10_0b2056_O0xO,FIBA_569_581,EFPsRGKSSS*YsK,PsRGKSSsYsK____
TKL,IRAK1,IRAK1,74.41,187,-1.6847,220,P51617,IRAK1,FIBA_569_581_S10_0b2056_O0xO,FIBA_569_581,EFPsRGKSSS*YsK,PsRGKSSsYsK____
CK1,TTBK2,TTBK2,73.75,188,-0.7393,172,Q6IQ55,TTBK2,FIBA_569_581_S10_0b2056_O0xO,FIBA_569_581,EFPsRGKSSS*YsK,PsRGKSSsYsK____
Other,EIF2AK2,PKR,73.33,189,-1.0198,189,P19525,PKR,FIBA_569_581_S10_0b2056_O0xO,FIBA_569_581,EFPsRGKSSS*YsK,PsRGKSSsYsK____
Other,CAMKK1,CAMKK1,73.3,190,-1.9345,231,Q8N5S9,CAMKK1,FIBA_569_581_S10_0b2056_O0xO,FIBA_569_581,EFPsRGKSSS*YsK,PsRGKSSsYsK____
Other,NEK4,NEK4,73.23,191,-1.8335,228,P51957,NEK4,FIBA_569_581_S10_0b2056_O0xO,FIBA_569_581,EFPsRGKSSS*YsK,PsRGKSSsYsK____
Other,NEK1,NEK1,72.9,192,-2.109,239,Q96PY6,NEK1,FIBA_569_581_S10_0b2056_O0xO,FIBA_569_581,EFPsRGKSSS*YsK,PsRGKSSsYsK____
Other,NEK8,NEK8,72.76,193,-1.812,227,Q86SG6,NEK8,FIBA_569_581_S10_0b2056_O0xO,FIBA_569_581,EFPsRGKSSS*YsK,PsRGKSSsYsK____
STE,MYO3B,MYO3B,72.55,194,-3.0742,281,Q8WXR4,MYO3B,FIBA_569_581_S10_0b2056_O0xO,FIBA_569_581,EFPsRGKSSS*YsK,PsRGKSSsYsK____
Other,ERN2,IRE2,71.92,195,-1.3521,208,Q76MJ5,IRE2,FIBA_569_581_S10_0b2056_O0xO,FIBA_569_581,EFPsRGKSSS*YsK,PsRGKSSsYsK____
CAMK,CAMK2G,CAMK2G,71.27,196,-0.2302,140,Q13555,CAMK2G,FIBA_569_581_S10_0b2056_O0xO,FIBA_569_581,EFPsRGKSSS*YsK,PsRGKSSsYsK____
Alpha,ALPK1,ALPHAK3,70.48,197,-2.5379,261,Q96QP1,ALPHAK3,FIBA_569_581_S10_0b2056_O0xO,FIBA_569_581,EFPsRGKSSS*YsK,PsRGKSSsYsK____
Other,NEK2,NEK2,70.36,198,-0.9463,186,P51955,NEK2,FIBA_569_581_S10_0b2056_O0xO,FIBA_569_581,EFPsRGKSSS*YsK,PsRGKSSsYsK____
CAMK,STK11,LKB1,69.65,199,-1.7242,223,Q15831,LKB1,FIBA_569_581_S10_0b2056_O0xO,FIBA_569_581,EFPsRGKSSS*YsK,PsRGKSSsYsK____
TKL,BMPR2,BMPR2,69.47,200,-0.1586,137,Q13873,BMPR2,FIBA_569_581_S10_0b2056_O0xO,FIBA_569_581,EFPsRGKSSS*YsK,PsRGKSSsYsK____
TKL,BRAF,BRAF,69.14,201,-1.512,212,P15056,BRAF,FIBA_569_581_S10_0b2056_O0xO,FIBA_569_581,EFPsRGKSSS*YsK,PsRGKSSsYsK____
PDHK,BCKDK,BCKDK,68.62,202,-1.6135,216,O14874,BCKDK,FIBA_569_581_S10_0b2056_O0xO,FIBA_569_581,EFPsRGKSSS*YsK,PsRGKSSsYsK____
CMGC,CDK10,CDK10,68.46,203,-0.3137,144,Q15131,CDK10,FIBA_569_581_S10_0b2056_O0xO,FIBA_569_581,EFPsRGKSSS*YsK,PsRGKSSsYsK____
CMGC,MAPK15,ERK7,68.03,204,-0.9762,188,Q8TD08,ERK7,FIBA_569_581_S10_0b2056_O0xO,FIBA_569_581,EFPsRGKSSS*YsK,PsRGKSSsYsK____
STE,MAP2K2,MEK2,67.98,205,-2.9703,275,P36507,MEK2,FIBA_569_581_S10_0b2056_O0xO,FIBA_569_581,EFPsRGKSSS*YsK,PsRGKSSsYsK____
CK1,TTBK1,TTBK1,67.95,206,-2.1821,243,Q5TCY1,TTBK1,FIBA_569_581_S10_0b2056_O0xO,FIBA_569_581,EFPsRGKSSS*YsK,PsRGKSSsYsK____
CMGC,CDK1,CDK1,67.51,207,0.3825,105,P06493,CDK1,FIBA_569_581_S10_0b2056_O0xO,FIBA_569_581,EFPsRGKSSS*YsK,PsRGKSSsYsK____
CAMK,CHEK1,CHK1,67.41,208,-0.8758,182,O14757,CHK1,FIBA_569_581_S10_0b2056_O0xO,FIBA_569_581,EFPsRGKSSS*YsK,PsRGKSSsYsK____
Other,NEK7,NEK7,67.18,209,-1.3304,206,Q8TDX7,NEK7,FIBA_569_581_S10_0b2056_O0xO,FIBA_569_581,EFPsRGKSSS*YsK,PsRGKSSsYsK____
CK1,CSNK1G2,CK1G2,66.88,210,-1.1935,200,P78368,CK1G2,FIBA_569_581_S10_0b2056_O0xO,FIBA_569_581,EFPsRGKSSS*YsK,PsRGKSSsYsK____
Other,PLK1,PLK1,65.56,211,-1.1141,193,P53350,PLK1,FIBA_569_581_S10_0b2056_O0xO,FIBA_569_581,EFPsRGKSSS*YsK,PsRGKSSsYsK____
CMGC,SRPK3,SRPK3,64.87,212,-0.7517,174,Q9UPE1,SRPK3,FIBA_569_581_S10_0b2056_O0xO,FIBA_569_581,EFPsRGKSSS*YsK,PsRGKSSsYsK____
Other,NEK5,NEK5,64.47,213,-1.7193,222,Q6P3R8,NEK5,FIBA_569_581_S10_0b2056_O0xO,FIBA_569_581,EFPsRGKSSS*YsK,PsRGKSSsYsK____
CMGC,SRPK1,SRPK1,63.86,214,-0.2625,142,Q96SB4,SRPK1,FIBA_569_581_S10_0b2056_O0xO,FIBA_569_581,EFPsRGKSSS*YsK,PsRGKSSsYsK____
AGC,PDPK1,PDK1,63.35,215,-1.9719,235,O15530,PDK1,FIBA_569_581_S10_0b2056_O0xO,FIBA_569_581,EFPsRGKSSS*YsK,PsRGKSSsYsK____
CMGC,CDK15,CDK15,62.85,216,-0.0877,134,Q96Q40,CDK15,FIBA_569_581_S10_0b2056_O0xO,FIBA_569_581,EFPsRGKSSS*YsK,PsRGKSSsYsK____
TKL,TGFBR2,TGFBR2,61.9,217,-1.6067,215,P37173,TGFBR2,FIBA_569_581_S10_0b2056_O0xO,FIBA_569_581,EFPsRGKSSS*YsK,PsRGKSSsYsK____
CMGC,CDK6,CDK6,61.35,218,-1.0382,190,Q00534,CDK6,FIBA_569_581_S10_0b2056_O0xO,FIBA_569_581,EFPsRGKSSS*YsK,PsRGKSSsYsK____
TKL,ACVRL1,ALK1,61.18,219,-0.8764,183,P37023,ALK1,FIBA_569_581_S10_0b2056_O0xO,FIBA_569_581,EFPsRGKSSS*YsK,PsRGKSSsYsK____
AGC,MASTL,MASTL,61.02,220,-1.1671,195,Q96GX5,MASTL,FIBA_569_581_S10_0b2056_O0xO,FIBA_569_581,EFPsRGKSSS*YsK,PsRGKSSsYsK____
STE,STK39,STLK3,59.85,221,-5.1331,306,Q9UEW8,STLK3,FIBA_569_581_S10_0b2056_O0xO,FIBA_569_581,EFPsRGKSSS*YsK,PsRGKSSsYsK____
AGC,PKN3,PKN3,59.8,222,-0.495,157,Q6P5Z2,PKN3,FIBA_569_581_S10_0b2056_O0xO,FIBA_569_581,EFPsRGKSSS*YsK,PsRGKSSsYsK____
CK1,CSNK1E,CK1E,59.13,223,-0.6551,166,P49674,CK1E,FIBA_569_581_S10_0b2056_O0xO,FIBA_569_581,EFPsRGKSSS*YsK,PsRGKSSsYsK____
FAM20,FAM20C,FAM20C,57.67,224,-2.9897,277,Q8IXL6,FAM20C,FIBA_569_581_S10_0b2056_O0xO,FIBA_569_581,EFPsRGKSSS*YsK,PsRGKSSsYsK____
CMGC,CDK4,CDK4,57.44,225,-1.569,214,P11802,CDK4,FIBA_569_581_S10_0b2056_O0xO,FIBA_569_581,EFPsRGKSSS*YsK,PsRGKSSsYsK____
AGC,GRK7,GRK7,57.35,226,-2.6718,267,Q8WTQ7,GRK7,FIBA_569_581_S10_0b2056_O0xO,FIBA_569_581,EFPsRGKSSS*YsK,PsRGKSSsYsK____
STE,MAP3K1,MEKK1,55.73,227,-2.1213,240,Q13233,MEKK1,FIBA_569_581_S10_0b2056_O0xO,FIBA_569_581,EFPsRGKSSS*YsK,PsRGKSSsYsK____
Other,BMP2K,BIKE,54.61,228,-4.1794,300,Q9NSY1,BIKE,FIBA_569_581_S10_0b2056_O0xO,FIBA_569_581,EFPsRGKSSS*YsK,PsRGKSSsYsK____
STE,MAP3K2,MEKK2,54.38,229,-2.2026,244,Q9Y2U5,MEKK2,FIBA_569_581_S10_0b2056_O0xO,FIBA_569_581,EFPsRGKSSS*YsK,PsRGKSSsYsK____
STE,STK3,MST2,53.64,230,-3.2958,284,Q13188,MST2,FIBA_569_581_S10_0b2056_O0xO,FIBA_569_581,EFPsRGKSSS*YsK,PsRGKSSsYsK____
CMGC,CDK5,CDK5,53.59,231,-1.8647,230,Q00535,CDK5,FIBA_569_581_S10_0b2056_O0xO,FIBA_569_581,EFPsRGKSSS*YsK,PsRGKSSsYsK____
TKL,RIPK4,ANKRD3,52.47,232,-1.6271,218,P57078,ANKRD3,FIBA_569_581_S10_0b2056_O0xO,FIBA_569_581,EFPsRGKSSS*YsK,PsRGKSSsYsK____
CMGC,DYRK3,DYRK3,52.26,233,-1.4211,211,O43781,DYRK3,FIBA_569_581_S10_0b2056_O0xO,FIBA_569_581,EFPsRGKSSS*YsK,PsRGKSSsYsK____
CK1,VRK2,VRK2,52.16,234,-2.3392,251,Q86Y07,VRK2,FIBA_569_581_S10_0b2056_O0xO,FIBA_569_581,EFPsRGKSSS*YsK,PsRGKSSsYsK____
PDHK,PDK4,PDHK4,51.76,235,-0.7376,171,Q16654,PDHK4,FIBA_569_581_S10_0b2056_O0xO,FIBA_569_581,EFPsRGKSSS*YsK,PsRGKSSsYsK____
CAMK,NIM1K,NIM1,51.71,236,-2.2096,245,Q8IY84,NIM1,FIBA_569_581_S10_0b2056_O0xO,FIBA_569_581,EFPsRGKSSS*YsK,PsRGKSSsYsK____
CK1,CSNK1G1,CK1G1,51.62,237,-1.9751,236,Q9HCP0,CK1G1,FIBA_569_581_S10_0b2056_O0xO,FIBA_569_581,EFPsRGKSSS*YsK,PsRGKSSsYsK____
CMGC,DYRK4,DYRK4,51.5,238,-1.1841,198,Q9NR20,DYRK4,FIBA_569_581_S10_0b2056_O0xO,FIBA_569_581,EFPsRGKSSS*YsK,PsRGKSSsYsK____
CMGC,CDKL5,CDKL5,50.61,239,-1.1767,196,O76039,CDKL5,FIBA_569_581_S10_0b2056_O0xO,FIBA_569_581,EFPsRGKSSS*YsK,PsRGKSSsYsK____
AGC,GRK6,GRK6,50.61,239,-1.1794,197,P43250,GRK6,FIBA_569_581_S10_0b2056_O0xO,FIBA_569_581,EFPsRGKSSS*YsK,PsRGKSSsYsK____
Other,NEK3,NEK3,50.58,241,-3.4153,286,P51956,NEK3,FIBA_569_581_S10_0b2056_O0xO,FIBA_569_581,EFPsRGKSSS*YsK,PsRGKSSsYsK____
Other,EIF2AK3,PERK,49.76,242,-2.4315,257,Q9NZJ5,PERK,FIBA_569_581_S10_0b2056_O0xO,FIBA_569_581,EFPsRGKSSS*YsK,PsRGKSSsYsK____
TKL,ACVR2B,ACVR2B,49.5,243,-1.9613,234,Q13705,ACVR2B,FIBA_569_581_S10_0b2056_O0xO,FIBA_569_581,EFPsRGKSSS*YsK,PsRGKSSsYsK____
CK1,CSNK1A1L,CK1A2,49.49,244,-0.7156,170,Q8N752,CK1A2,FIBA_569_581_S10_0b2056_O0xO,FIBA_569_581,EFPsRGKSSS*YsK,PsRGKSSsYsK____
TKL,ACVR1,ALK2,49.42,245,-2.0934,238,Q04771,ALK2,FIBA_569_581_S10_0b2056_O0xO,FIBA_569_581,EFPsRGKSSS*YsK,PsRGKSSsYsK____
CMGC,PRPF4B,PRP4,49.4,246,-1.8464,229,Q13523,PRP4,FIBA_569_581_S10_0b2056_O0xO,FIBA_569_581,EFPsRGKSSS*YsK,PsRGKSSsYsK____
Other,BUB1,BUB1,49.38,247,-3.4563,288,O43683,BUB1,FIBA_569_581_S10_0b2056_O0xO,FIBA_569_581,EFPsRGKSSS*YsK,PsRGKSSsYsK____
Other,AAK1,AAK1,48.73,248,-5.0952,305,Q2M2I8,AAK1,FIBA_569_581_S10_0b2056_O0xO,FIBA_569_581,EFPsRGKSSS*YsK,PsRGKSSsYsK____
AGC,GRK2,GRK2,47.87,249,-0.7821,177,P25098,GRK2,FIBA_569_581_S10_0b2056_O0xO,FIBA_569_581,EFPsRGKSSS*YsK,PsRGKSSsYsK____
Other,PLK2,PLK2,47.14,250,-3.0188,278,Q9NYY3,PLK2,FIBA_569_581_S10_0b2056_O0xO,FIBA_569_581,EFPsRGKSSS*YsK,PsRGKSSsYsK____
CMGC,NLK,NLK,46.19,251,-0.4742,154,Q9UBE8,NLK,FIBA_569_581_S10_0b2056_O0xO,FIBA_569_581,EFPsRGKSSS*YsK,PsRGKSSsYsK____
CMGC,CDK9,CDK9,44.17,252,-2.2943,248,P50750,CDK9,FIBA_569_581_S10_0b2056_O0xO,FIBA_569_581,EFPsRGKSSS*YsK,PsRGKSSsYsK____
Other,CSNK2A1,CK2A1,43.97,253,-4.5162,302,P68400,CK2A1,FIBA_569_581_S10_0b2056_O0xO,FIBA_569_581,EFPsRGKSSS*YsK,PsRGKSSsYsK____
CMGC,CDK14,CDK14,43.73,254,-2.4046,254,O94921,CDK14,FIBA_569_581_S10_0b2056_O0xO,FIBA_569_581,EFPsRGKSSS*YsK,PsRGKSSsYsK____
Other,NEK6,NEK6,42.66,255,-2.4387,259,Q9HC98,NEK6,FIBA_569_581_S10_0b2056_O0xO,FIBA_569_581,EFPsRGKSSS*YsK,PsRGKSSsYsK____
CMGC,CDK7,CDK7,41.6,256,-2.1749,241,P50613,CDK7,FIBA_569_581_S10_0b2056_O0xO,FIBA_569_581,EFPsRGKSSS*YsK,PsRGKSSsYsK____
TKL,BMPR1B,BMPR1B,41.38,257,-1.954,233,O00238,BMPR1B,FIBA_569_581_S10_0b2056_O0xO,FIBA_569_581,EFPsRGKSSS*YsK,PsRGKSSsYsK____
CMGC,CILK1,ICK,40.34,258,-3.7232,295,Q9UPZ9,ICK,FIBA_569_581_S10_0b2056_O0xO,FIBA_569_581,EFPsRGKSSS*YsK,PsRGKSSsYsK____
Other,MOS,MOS,39.8,259,-0.6527,165,P00540,MOS,FIBA_569_581_S10_0b2056_O0xO,FIBA_569_581,EFPsRGKSSS*YsK,PsRGKSSsYsK____
Other,CAMKK2,CAMKK2,39.67,260,-4.141,299,Q96RR4,CAMKK2,FIBA_569_581_S10_0b2056_O0xO,FIBA_569_581,EFPsRGKSSS*YsK,PsRGKSSsYsK____
CMGC,MOK,MOK,38.78,261,-3.0983,282,Q9UQ07,MOK,FIBA_569_581_S10_0b2056_O0xO,FIBA_569_581,EFPsRGKSSS*YsK,PsRGKSSsYsK____
TKL,ACVR2A,ACVR2A,38.38,262,-2.3067,250,P27037,ACVR2A,FIBA_569_581_S10_0b2056_O0xO,FIBA_569_581,EFPsRGKSSS*YsK,PsRGKSSsYsK____
AGC,GRK3,GRK3,38.36,263,-1.7486,224,P35626,GRK3,FIBA_569_581_S10_0b2056_O0xO,FIBA_569_581,EFPsRGKSSS*YsK,PsRGKSSsYsK____
CMGC,GSK3B,GSK3B,37.51,264,-0.1637,138,P49841,GSK3B,FIBA_569_581_S10_0b2056_O0xO,FIBA_569_581,EFPsRGKSSS*YsK,PsRGKSSsYsK____
CMGC,MAPK12,P38G,37.51,264,-2.68,268,P53778,P38G,FIBA_569_581_S10_0b2056_O0xO,FIBA_569_581,EFPsRGKSSS*YsK,PsRGKSSsYsK____
CMGC,DYRK1B,DYRK1B,37.36,266,-2.6264,263,Q9Y463,DYRK1B,FIBA_569_581_S10_0b2056_O0xO,FIBA_569_581,EFPsRGKSSS*YsK,PsRGKSSsYsK____
PDHK,PDK1,PDHK1,36.61,267,-1.5215,213,Q15118,PDHK1,FIBA_569_581_S10_0b2056_O0xO,FIBA_569_581,EFPsRGKSSS*YsK,PsRGKSSsYsK____
TKL,TGFBR1,TGFBR1,36.6,268,-1.8018,226,P36897,TGFBR1,FIBA_569_581_S10_0b2056_O0xO,FIBA_569_581,EFPsRGKSSS*YsK,PsRGKSSsYsK____
CMGC,CDK17,CDK17,35.98,269,-3.4469,287,Q00537,CDK17,FIBA_569_581_S10_0b2056_O0xO,FIBA_569_581,EFPsRGKSSS*YsK,PsRGKSSsYsK____
Other,STK16,MPSK1,35.69,270,-3.0268,279,O75716,MPSK1,FIBA_569_581_S10_0b2056_O0xO,FIBA_569_581,EFPsRGKSSS*YsK,PsRGKSSsYsK____
CMGC,CDK16,CDK16,35.46,271,-3.7368,296,Q00536,CDK16,FIBA_569_581_S10_0b2056_O0xO,FIBA_569_581,EFPsRGKSSS*YsK,PsRGKSSsYsK____
CMGC,MAK,MAK,35.32,272,-3.5099,290,P20794,MAK,FIBA_569_581_S10_0b2056_O0xO,FIBA_569_581,EFPsRGKSSS*YsK,PsRGKSSsYsK____
Other,TLK1,TLK1,34.99,273,-3.3711,285,Q9UKI8,TLK1,FIBA_569_581_S10_0b2056_O0xO,FIBA_569_581,EFPsRGKSSS*YsK,PsRGKSSsYsK____
PIKK,ATM,ATM,34.32,274,-2.3446,252,Q13315,ATM,FIBA_569_581_S10_0b2056_O0xO,FIBA_569_581,EFPsRGKSSS*YsK,PsRGKSSsYsK____
CMGC,MAPK9,JNK2,34.31,275,-2.2288,246,P45984,JNK2,FIBA_569_581_S10_0b2056_O0xO,FIBA_569_581,EFPsRGKSSS*YsK,PsRGKSSsYsK____
CK1,CSNK1G3,CK1G3,34.22,276,-2.6495,264,Q9Y6M4,CK1G3,FIBA_569_581_S10_0b2056_O0xO,FIBA_569_581,EFPsRGKSSS*YsK,PsRGKSSsYsK____
Other,TTK,TTK,33.94,277,-5.5228,310,P33981,TTK,FIBA_569_581_S10_0b2056_O0xO,FIBA_569_581,EFPsRGKSSS*YsK,PsRGKSSsYsK____
PIKK,SMG1,SMG1,33.92,278,-2.0343,237,Q96Q15,SMG1,FIBA_569_581_S10_0b2056_O0xO,FIBA_569_581,EFPsRGKSSS*YsK,PsRGKSSsYsK____
CMGC,HIPK1,HIPK1,33.89,279,-2.3961,253,Q86Z02,HIPK1,FIBA_569_581_S10_0b2056_O0xO,FIBA_569_581,EFPsRGKSSS*YsK,PsRGKSSsYsK____
TKL,BMPR1A,BMPR1A,33.27,280,-3.508,289,P36894,BMPR1A,FIBA_569_581_S10_0b2056_O0xO,FIBA_569_581,EFPsRGKSSS*YsK,PsRGKSSsYsK____
CMGC,DYRK2,DYRK2,33.13,281,-2.4091,255,Q92630,DYRK2,FIBA_569_581_S10_0b2056_O0xO,FIBA_569_581,EFPsRGKSSS*YsK,PsRGKSSsYsK____
CMGC,GSK3A,GSK3A,33.03,282,-0.4347,150,P49840,GSK3A,FIBA_569_581_S10_0b2056_O0xO,FIBA_569_581,EFPsRGKSSS*YsK,PsRGKSSsYsK____
TKL,ACVR1B,ALK4,32.37,283,-1.6204,217,P36896,ALK4,FIBA_569_581_S10_0b2056_O0xO,FIBA_569_581,EFPsRGKSSS*YsK,PsRGKSSsYsK____
CMGC,MAPK1,ERK2,32.34,284,-2.7332,270,P28482,ERK2,FIBA_569_581_S10_0b2056_O0xO,FIBA_569_581,EFPsRGKSSS*YsK,PsRGKSSsYsK____
CMGC,CDK12,CDK12,31.29,285,-3.2709,283,Q9NYV4,CDK12,FIBA_569_581_S10_0b2056_O0xO,FIBA_569_581,EFPsRGKSSS*YsK,PsRGKSSsYsK____
CMGC,CDK18,CDK18,30.89,286,-3.591,291,Q07002,CDK18,FIBA_569_581_S10_0b2056_O0xO,FIBA_569_581,EFPsRGKSSS*YsK,PsRGKSSsYsK____
Other,CSNK2A2,CK2A2,29.91,287,-5.2389,308,P19784,CK2A2,FIBA_569_581_S10_0b2056_O0xO,FIBA_569_581,EFPsRGKSSS*YsK,PsRGKSSsYsK____
CMGC,DYRK1A,DYRK1A,29.45,288,-3.0667,280,Q13627,DYRK1A,FIBA_569_581_S10_0b2056_O0xO,FIBA_569_581,EFPsRGKSSS*YsK,PsRGKSSsYsK____
CK1,CSNK1D,CK1D,28.19,289,-3.739,297,P48730,CK1D,FIBA_569_581_S10_0b2056_O0xO,FIBA_569_581,EFPsRGKSSS*YsK,PsRGKSSsYsK____
AGC,GRK1,GRK1,27.38,290,-1.9469,232,Q15835,GRK1,FIBA_569_581_S10_0b2056_O0xO,FIBA_569_581,EFPsRGKSSS*YsK,PsRGKSSsYsK____
CMGC,HIPK2,HIPK2,26.6,291,-3.9265,298,Q9H2X6,HIPK2,FIBA_569_581_S10_0b2056_O0xO,FIBA_569_581,EFPsRGKSSS*YsK,PsRGKSSsYsK____
CMGC,CDK13,CDK13,25.66,292,-2.3064,249,Q14004,CDK13,FIBA_569_581_S10_0b2056_O0xO,FIBA_569_581,EFPsRGKSSS*YsK,PsRGKSSsYsK____
CMGC,HIPK4,HIPK4,24.32,293,-2.8409,271,Q8NE63,HIPK4,FIBA_569_581_S10_0b2056_O0xO,FIBA_569_581,EFPsRGKSSS*YsK,PsRGKSSsYsK____
PIKK,ATR,ATR,24.04,294,-1.1523,194,Q13535,ATR,FIBA_569_581_S10_0b2056_O0xO,FIBA_569_581,EFPsRGKSSS*YsK,PsRGKSSsYsK____
Other,PINK1,PINK1,23.67,295,-2.873,272,Q9BXM7,PINK1,FIBA_569_581_S10_0b2056_O0xO,FIBA_569_581,EFPsRGKSSS*YsK,PsRGKSSsYsK____
CK1,CSNK1A1,CK1A,23.06,296,-2.6717,266,P48729,CK1A,FIBA_569_581_S10_0b2056_O0xO,FIBA_569_581,EFPsRGKSSS*YsK,PsRGKSSsYsK____
CMGC,MAPK14,P38A,22.72,297,-2.8953,273,Q16539,P38A,FIBA_569_581_S10_0b2056_O0xO,FIBA_569_581,EFPsRGKSSS*YsK,PsRGKSSsYsK____
CMGC,HIPK3,HIPK3,21.89,298,-3.6949,294,Q9H422,HIPK3,FIBA_569_581_S10_0b2056_O0xO,FIBA_569_581,EFPsRGKSSS*YsK,PsRGKSSsYsK____
CMGC,MAPK10,JNK3,21.79,299,-2.6183,262,P53779,JNK3,FIBA_569_581_S10_0b2056_O0xO,FIBA_569_581,EFPsRGKSSS*YsK,PsRGKSSsYsK____
Other,CDC7,CDC7,18.61,300,-2.4365,258,O00311,CDC7,FIBA_569_581_S10_0b2056_O0xO,FIBA_569_581,EFPsRGKSSS*YsK,PsRGKSSsYsK____
AGC,GRK5,GRK5,17.96,301,-2.6642,265,P34947,GRK5,FIBA_569_581_S10_0b2056_O0xO,FIBA_569_581,EFPsRGKSSS*YsK,PsRGKSSsYsK____
AGC,GRK4,GRK4,16.71,302,-2.9795,276,P32298,GRK4,FIBA_569_581_S10_0b2056_O0xO,FIBA_569_581,EFPsRGKSSS*YsK,PsRGKSSsYsK____
Other,TLK2,TLK2,16.4,303,-3.6699,293,Q86UE8,TLK2,FIBA_569_581_S10_0b2056_O0xO,FIBA_569_581,EFPsRGKSSS*YsK,PsRGKSSsYsK____
CMGC,MAPK8,JNK1,15.77,304,-3.6073,292,P45983,JNK1,FIBA_569_581_S10_0b2056_O0xO,FIBA_569_581,EFPsRGKSSS*YsK,PsRGKSSsYsK____
CMGC,MAPK3,ERK1,13.26,305,-4.5828,303,P27361,ERK1,FIBA_569_581_S10_0b2056_O0xO,FIBA_569_581,EFPsRGKSSS*YsK,PsRGKSSsYsK____
CMGC,MAPK7,ERK5,10.62,306,-2.9313,274,Q13164,ERK5,FIBA_569_581_S10_0b2056_O0xO,FIBA_569_581,EFPsRGKSSS*YsK,PsRGKSSsYsK____
Other,UHMK1,KIS,10.2,307,-5.1379,307,Q8TAS1,KIS,FIBA_569_581_S10_0b2056_O0xO,FIBA_569_581,EFPsRGKSSS*YsK,PsRGKSSsYsK____
CMGC,MAPK13,P38D,8.42,308,-5.0415,304,O15264,P38D,FIBA_569_581_S10_0b2056_O0xO,FIBA_569_581,EFPsRGKSSS*YsK,PsRGKSSsYsK____
CMGC,CDK19,CDK19,8.41,309,-5.563,311,Q9BWU1,CDK19,FIBA_569_581_S10_0b2056_O0xO,FIBA_569_581,EFPsRGKSSS*YsK,PsRGKSSsYsK____
CMGC,MAPK11,P38B,7.79,310,-4.2478,301,Q15759,P38B,FIBA_569_581_S10_0b2056_O0xO,FIBA_569_581,EFPsRGKSSS*YsK,PsRGKSSsYsK____
CMGC,CDK8,CDK8,3.12,311,-5.3219,309,P49336,CDK8,FIBA_569_581_S10_0b2056_O0xO,FIBA_569_581,EFPsRGKSSS*YsK,PsRGKSSsYsK____
