family,geneName,name,percentile,percentileRank,score,scoreRank,uniprotId,displayName,id,peptide_id,sequence,processed_sequence
CAMK,HUNK,HUNK,99.93,1,3.6324,56,P57058,HUNK,CDN1A_139_151_S8_0b512_O0xO,CDN1A_139_151,GRKRRQTS*MtDFY,GRKRRQTsMtDFY__
CAMK,BRSK1,BRSK1,99.89,2,6.0972,4,Q8TDC3,BRSK1,CDN1A_139_151_S8_0b512_O0xO,CDN1A_139_151,GRKRRQTS*MtDFY,GRKRRQTsMtDFY__
CAMK,CAMK1G,CAMK1G,99.88,3,6.1837,3,Q96NX5,CAMK1G,CDN1A_139_151_S8_0b512_O0xO,CDN1A_139_151,GRKRRQTS*MtDFY,GRKRRQTsMtDFY__
CAMK,STK17A,DRAK1,99.86,4,3.9834,42,Q9UEE5,DRAK1,CDN1A_139_151_S8_0b512_O0xO,CDN1A_139_151,GRKRRQTS*MtDFY,GRKRRQTsMtDFY__
CAMK,CAMK2A,CAMK2A,99.83,5,6.3481,1,Q9UQM7,CAMK2A,CDN1A_139_151_S8_0b512_O0xO,CDN1A_139_151,GRKRRQTS*MtDFY,GRKRRQTsMtDFY__
CAMK,DCLK1,DCAMKL1,99.81,6,5.2243,12,O15075,DCAMKL1,CDN1A_139_151_S8_0b512_O0xO,CDN1A_139_151,GRKRRQTS*MtDFY,GRKRRQTsMtDFY__
CAMK,NUAK2,NUAK2,99.8,7,4.7,21,Q9H093,NUAK2,CDN1A_139_151_S8_0b512_O0xO,CDN1A_139_151,GRKRRQTS*MtDFY,GRKRRQTsMtDFY__
CAMK,BRSK2,BRSK2,99.76,8,4.7444,19,Q8IWQ3,BRSK2,CDN1A_139_151_S8_0b512_O0xO,CDN1A_139_151,GRKRRQTS*MtDFY,GRKRRQTsMtDFY__
CAMK,PNCK,CAMK1B,99.61,9,4.1007,38,Q6P2M8,CAMK1B,CDN1A_139_151_S8_0b512_O0xO,CDN1A_139_151,GRKRRQTS*MtDFY,GRKRRQTsMtDFY__
CAMK,CAMK2B,CAMK2B,99.6,10,5.6306,8,Q13554,CAMK2B,CDN1A_139_151_S8_0b512_O0xO,CDN1A_139_151,GRKRRQTS*MtDFY,GRKRRQTsMtDFY__
AGC,CDC42BPA,MRCKA,99.59,11,5.727,7,Q5VT25,MRCKA,CDN1A_139_151_S8_0b512_O0xO,CDN1A_139_151,GRKRRQTS*MtDFY,GRKRRQTsMtDFY__
CAMK,CAMK1D,CAMK1D,99.58,12,5.8707,5,Q8IU85,CAMK1D,CDN1A_139_151_S8_0b512_O0xO,CDN1A_139_151,GRKRRQTS*MtDFY,GRKRRQTsMtDFY__
CAMK,DCLK2,DCAMKL2,99.51,13,4.031,39,Q8N568,DCAMKL2,CDN1A_139_151_S8_0b512_O0xO,CDN1A_139_151,GRKRRQTS*MtDFY,GRKRRQTsMtDFY__
AGC,LATS2,LATS2,99.48,14,4.2436,28,Q9NRM7,LATS2,CDN1A_139_151_S8_0b512_O0xO,CDN1A_139_151,GRKRRQTS*MtDFY,GRKRRQTsMtDFY__
CAMK,MARK1,MARK1,99.45,15,4.3287,26,Q9P0L2,MARK1,CDN1A_139_151_S8_0b512_O0xO,CDN1A_139_151,GRKRRQTS*MtDFY,GRKRRQTsMtDFY__
TKL,RAF1,RAF1,99.42,16,2.304,95,P04049,RAF1,CDN1A_139_151_S8_0b512_O0xO,CDN1A_139_151,GRKRRQTS*MtDFY,GRKRRQTsMtDFY__
CAMK,MAPKAPK2,MAPKAPK2,99.41,17,5.3902,10,P49137,MAPKAPK2,CDN1A_139_151_S8_0b512_O0xO,CDN1A_139_151,GRKRRQTS*MtDFY,GRKRRQTsMtDFY__
AGC,STK32B,YANK2,99.39,18,2.1462,100,Q9NY57,YANK2,CDN1A_139_151_S8_0b512_O0xO,CDN1A_139_151,GRKRRQTS*MtDFY,GRKRRQTsMtDFY__
CAMK,CAMK2D,CAMK2D,99.36,19,3.9737,44,Q13557,CAMK2D,CDN1A_139_151_S8_0b512_O0xO,CDN1A_139_151,GRKRRQTS*MtDFY,GRKRRQTsMtDFY__
CAMK,SIK2,QIK,99.32,20,3.5636,57,Q9H0K1,QIK,CDN1A_139_151_S8_0b512_O0xO,CDN1A_139_151,GRKRRQTS*MtDFY,GRKRRQTsMtDFY__
CAMK,MAPKAPK3,MAPKAPK3,99.27,21,4.4339,24,Q16644,MAPKAPK3,CDN1A_139_151_S8_0b512_O0xO,CDN1A_139_151,GRKRRQTS*MtDFY,GRKRRQTsMtDFY__
AGC,STK32C,YANK3,99.27,21,3.165,73,Q86UX6,YANK3,CDN1A_139_151_S8_0b512_O0xO,CDN1A_139_151,GRKRRQTS*MtDFY,GRKRRQTsMtDFY__
CAMK,TSSK3,TSSK3,99.26,23,5.5399,9,Q96PN8,TSSK3,CDN1A_139_151_S8_0b512_O0xO,CDN1A_139_151,GRKRRQTS*MtDFY,GRKRRQTsMtDFY__
Other,WNK1,WNK1,99.24,24,3.3012,70,Q9H4A3,WNK1,CDN1A_139_151_S8_0b512_O0xO,CDN1A_139_151,GRKRRQTS*MtDFY,GRKRRQTsMtDFY__
CAMK,PRKAA1,AMPKA1,99.21,25,3.9718,45,Q13131,AMPKA1,CDN1A_139_151_S8_0b512_O0xO,CDN1A_139_151,GRKRRQTS*MtDFY,GRKRRQTsMtDFY__
CAMK,TSSK4,TSSK4,99.19,26,4.1724,35,Q6SA08,TSSK4,CDN1A_139_151_S8_0b512_O0xO,CDN1A_139_151,GRKRRQTS*MtDFY,GRKRRQTsMtDFY__
AGC,RPS6KA5,MSK1,99.19,26,5.7504,6,O75582,MSK1,CDN1A_139_151_S8_0b512_O0xO,CDN1A_139_151,GRKRRQTS*MtDFY,GRKRRQTsMtDFY__
CAMK,MYLK,SMMLCK,99.18,28,3.7316,52,Q15746,smMLCK,CDN1A_139_151_S8_0b512_O0xO,CDN1A_139_151,GRKRRQTS*MtDFY,GRKRRQTsMtDFY__
AGC,RPS6KA1,P90RSK,99.18,28,4.9954,16,Q15418,RSK1,CDN1A_139_151_S8_0b512_O0xO,CDN1A_139_151,GRKRRQTS*MtDFY,GRKRRQTsMtDFY__
AGC,STK38L,NDR2,99.18,28,4.1828,34,Q9Y2H1,NDR2,CDN1A_139_151_S8_0b512_O0xO,CDN1A_139_151,GRKRRQTS*MtDFY,GRKRRQTsMtDFY__
AGC,STK38,NDR1,99.18,28,4.2712,27,Q15208,NDR1,CDN1A_139_151_S8_0b512_O0xO,CDN1A_139_151,GRKRRQTS*MtDFY,GRKRRQTsMtDFY__
CAMK,MYLK4,MYLK4,99.16,32,5.0712,13,Q86YV6,MYLK4,CDN1A_139_151_S8_0b512_O0xO,CDN1A_139_151,GRKRRQTS*MtDFY,GRKRRQTsMtDFY__
AGC,RPS6KA3,RSK2,99.1,33,5.3806,11,P51812,RSK2,CDN1A_139_151_S8_0b512_O0xO,CDN1A_139_151,GRKRRQTS*MtDFY,GRKRRQTsMtDFY__
CAMK,PRKAA2,AMPKA2,99.07,34,4.2314,31,P54646,AMPKA2,CDN1A_139_151_S8_0b512_O0xO,CDN1A_139_151,GRKRRQTS*MtDFY,GRKRRQTsMtDFY__
Other,WNK2,WNK2,99.05,35,3.2334,71,Q9Y3S1,WNK2,CDN1A_139_151_S8_0b512_O0xO,CDN1A_139_151,GRKRRQTS*MtDFY,GRKRRQTsMtDFY__
CAMK,PIM1,PIM1,99,36,4.9213,17,P11309,PIM1,CDN1A_139_151_S8_0b512_O0xO,CDN1A_139_151,GRKRRQTS*MtDFY,GRKRRQTsMtDFY__
CAMK,MARK3,MARK3,98.97,37,3.7165,54,P27448,MARK3,CDN1A_139_151_S8_0b512_O0xO,CDN1A_139_151,GRKRRQTS*MtDFY,GRKRRQTsMtDFY__
CAMK,SIK1,SIK,98.95,38,4.1417,36,P57059,SIK,CDN1A_139_151_S8_0b512_O0xO,CDN1A_139_151,GRKRRQTS*MtDFY,GRKRRQTsMtDFY__
CAMK,MAPKAPK5,MAPKAPK5,98.95,38,3.8296,50,Q8IW41,MAPKAPK5,CDN1A_139_151_S8_0b512_O0xO,CDN1A_139_151,GRKRRQTS*MtDFY,GRKRRQTsMtDFY__
CAMK,DAPK1,DAPK1,98.94,40,4.4852,22,P53355,DAPK1,CDN1A_139_151_S8_0b512_O0xO,CDN1A_139_151,GRKRRQTS*MtDFY,GRKRRQTsMtDFY__
STE,MAP3K14,NIK,98.94,40,2.3512,92,Q99558,NIK,CDN1A_139_151_S8_0b512_O0xO,CDN1A_139_151,GRKRRQTS*MtDFY,GRKRRQTsMtDFY__
AGC,RPS6KA4,MSK2,98.88,42,4.7228,20,O75676,MSK2,CDN1A_139_151_S8_0b512_O0xO,CDN1A_139_151,GRKRRQTS*MtDFY,GRKRRQTsMtDFY__
CAMK,CAMK1,CAMK1A,98.84,43,4.9207,18,Q14012,CAMK1A,CDN1A_139_151_S8_0b512_O0xO,CDN1A_139_151,GRKRRQTS*MtDFY,GRKRRQTsMtDFY__
CAMK,PIM3,PIM3,98.69,44,3.9181,48,Q86V86,PIM3,CDN1A_139_151_S8_0b512_O0xO,CDN1A_139_151,GRKRRQTS*MtDFY,GRKRRQTsMtDFY__
CAMK,CAMK4,CAMK4,98.61,45,3.5186,60,Q16566,CAMK4,CDN1A_139_151_S8_0b512_O0xO,CDN1A_139_151,GRKRRQTS*MtDFY,GRKRRQTsMtDFY__
AGC,ROCK1,ROCK1,98.59,46,3.5609,59,Q13464,ROCK1,CDN1A_139_151_S8_0b512_O0xO,CDN1A_139_151,GRKRRQTS*MtDFY,GRKRRQTsMtDFY__
AGC,RPS6KA6,RSK4,98.52,47,5.012,15,Q9UK32,RSK4,CDN1A_139_151_S8_0b512_O0xO,CDN1A_139_151,GRKRRQTS*MtDFY,GRKRRQTsMtDFY__
CMGC,CLK2,CLK2,98.47,48,6.3325,2,P49760,CLK2,CDN1A_139_151_S8_0b512_O0xO,CDN1A_139_151,GRKRRQTS*MtDFY,GRKRRQTsMtDFY__
CAMK,MYLK2,SKMLCK,98.42,49,4.2092,32,Q9H1R3,skMLCK,CDN1A_139_151_S8_0b512_O0xO,CDN1A_139_151,GRKRRQTS*MtDFY,GRKRRQTsMtDFY__
CAMK,DAPK3,DAPK3,98.4,50,3.407,64,O43293,DAPK3,CDN1A_139_151_S8_0b512_O0xO,CDN1A_139_151,GRKRRQTS*MtDFY,GRKRRQTsMtDFY__
TKL,MAP3K12,DLK,98.35,51,1.2488,125,Q12852,DLK,CDN1A_139_151_S8_0b512_O0xO,CDN1A_139_151,GRKRRQTS*MtDFY,GRKRRQTsMtDFY__
AGC,RPS6KB2,P70S6KB,98.27,52,4.208,33,Q9UBS0,S6K2,CDN1A_139_151_S8_0b512_O0xO,CDN1A_139_151,GRKRRQTS*MtDFY,GRKRRQTsMtDFY__
CAMK,PIM2,PIM2,98.23,53,4.2316,29,Q9P1W9,PIM2,CDN1A_139_151_S8_0b512_O0xO,CDN1A_139_151,GRKRRQTS*MtDFY,GRKRRQTsMtDFY__
AGC,ROCK2,ROCK2,98.19,54,3.1741,72,O75116,ROCK2,CDN1A_139_151_S8_0b512_O0xO,CDN1A_139_151,GRKRRQTS*MtDFY,GRKRRQTsMtDFY__
CAMK,SNRK,SNRK,98.17,55,1.7402,115,Q9NRH2,SNRK,CDN1A_139_151_S8_0b512_O0xO,CDN1A_139_151,GRKRRQTS*MtDFY,GRKRRQTsMtDFY__
CAMK,NUAK1,NUAK1,98.17,55,2.9405,79,O60285,NUAK1,CDN1A_139_151_S8_0b512_O0xO,CDN1A_139_151,GRKRRQTS*MtDFY,GRKRRQTsMtDFY__
AGC,RPS6KA2,RSK3,98.16,57,4.2316,29,Q15349,RSK3,CDN1A_139_151_S8_0b512_O0xO,CDN1A_139_151,GRKRRQTS*MtDFY,GRKRRQTsMtDFY__
CAMK,CHEK2,CHK2,98.14,58,4.1102,37,O96017,CHK2,CDN1A_139_151_S8_0b512_O0xO,CDN1A_139_151,GRKRRQTS*MtDFY,GRKRRQTsMtDFY__
AGC,DMPK,DMPK1,98.14,58,3.0047,78,Q09013,DMPK1,CDN1A_139_151_S8_0b512_O0xO,CDN1A_139_151,GRKRRQTS*MtDFY,GRKRRQTsMtDFY__
CAMK,PASK,PASK,98.13,60,3.388,65,Q96RG2,PASK,CDN1A_139_151_S8_0b512_O0xO,CDN1A_139_151,GRKRRQTS*MtDFY,GRKRRQTsMtDFY__
AGC,LATS1,LATS1,98.11,61,3.3147,69,O95835,LATS1,CDN1A_139_151_S8_0b512_O0xO,CDN1A_139_151,GRKRRQTS*MtDFY,GRKRRQTsMtDFY__
CAMK,SIK3,QSK,98.06,62,3.1288,75,Q9Y2K2,QSK,CDN1A_139_151_S8_0b512_O0xO,CDN1A_139_151,GRKRRQTS*MtDFY,GRKRRQTsMtDFY__
AGC,SGK1,SGK1,98,63,5.0704,14,O00141,SGK1,CDN1A_139_151_S8_0b512_O0xO,CDN1A_139_151,GRKRRQTS*MtDFY,GRKRRQTsMtDFY__
CAMK,MARK2,MARK2,97.95,64,2.9116,80,Q7KZI7,MARK2,CDN1A_139_151_S8_0b512_O0xO,CDN1A_139_151,GRKRRQTS*MtDFY,GRKRRQTsMtDFY__
AGC,CDC42BPB,MRCKB,97.83,65,3.6476,55,Q9Y5S2,MRCKB,CDN1A_139_151_S8_0b512_O0xO,CDN1A_139_151,GRKRRQTS*MtDFY,GRKRRQTsMtDFY__
AGC,SGK3,SGK3,97.72,66,4.0269,40,Q96BR1,SGK3,CDN1A_139_151_S8_0b512_O0xO,CDN1A_139_151,GRKRRQTS*MtDFY,GRKRRQTsMtDFY__
AGC,CIT,CRIK,97.68,67,3.3728,66,O14578,CITRON,CDN1A_139_151_S8_0b512_O0xO,CDN1A_139_151,GRKRRQTS*MtDFY,GRKRRQTsMtDFY__
AGC,PRKACB,PKACB,97.66,68,4.4655,23,P22694,PKACB,CDN1A_139_151_S8_0b512_O0xO,CDN1A_139_151,GRKRRQTS*MtDFY,GRKRRQTsMtDFY__
CAMK,MELK,MELK,97.64,69,3.0214,77,Q14680,MELK,CDN1A_139_151_S8_0b512_O0xO,CDN1A_139_151,GRKRRQTS*MtDFY,GRKRRQTsMtDFY__
AGC,PKN2,PKN2,97.56,70,2.5933,88,Q16513,PKN2,CDN1A_139_151_S8_0b512_O0xO,CDN1A_139_151,GRKRRQTS*MtDFY,GRKRRQTsMtDFY__
CAMK,MARK4,MARK4,97.49,71,2.3648,91,Q96L34,MARK4,CDN1A_139_151_S8_0b512_O0xO,CDN1A_139_151,GRKRRQTS*MtDFY,GRKRRQTsMtDFY__
AGC,RPS6KB1,P70S6K,97.48,72,3.7247,53,P23443,S6K1,CDN1A_139_151_S8_0b512_O0xO,CDN1A_139_151,GRKRRQTS*MtDFY,GRKRRQTsMtDFY__
CAMK,PHKG2,PHKG2,97.24,73,1.9962,107,P15735,PHKG2,CDN1A_139_151_S8_0b512_O0xO,CDN1A_139_151,GRKRRQTS*MtDFY,GRKRRQTsMtDFY__
Other,WNK3,WNK3,97.21,74,1.8327,111,Q9BYP7,WNK3,CDN1A_139_151_S8_0b512_O0xO,CDN1A_139_151,GRKRRQTS*MtDFY,GRKRRQTsMtDFY__
AGC,AKT2,AKT2,97.15,75,3.9198,47,P31751,AKT2,CDN1A_139_151_S8_0b512_O0xO,CDN1A_139_151,GRKRRQTS*MtDFY,GRKRRQTsMtDFY__
CAMK,MYLK3,CAMLCK,97.07,76,2.5302,89,Q32MK0,caMLCK,CDN1A_139_151_S8_0b512_O0xO,CDN1A_139_151,GRKRRQTS*MtDFY,GRKRRQTsMtDFY__
AGC,PRKACA,PKACA,97.06,77,4.006,41,P17612,PKACA,CDN1A_139_151_S8_0b512_O0xO,CDN1A_139_151,GRKRRQTS*MtDFY,GRKRRQTsMtDFY__
STE,PAK2,PAK2,97.04,78,2.7976,83,Q13177,PAK2,CDN1A_139_151_S8_0b512_O0xO,CDN1A_139_151,GRKRRQTS*MtDFY,GRKRRQTsMtDFY__
CAMK,PRKD2,PRKD2,96.92,79,3.5626,58,Q9BZL6,PKD2,CDN1A_139_151_S8_0b512_O0xO,CDN1A_139_151,GRKRRQTS*MtDFY,GRKRRQTsMtDFY__
CAMK,DAPK2,DAPK2,96.91,80,2.2597,96,Q9UIK4,DAPK2,CDN1A_139_151_S8_0b512_O0xO,CDN1A_139_151,GRKRRQTS*MtDFY,GRKRRQTsMtDFY__
AGC,PRKCB,PKCB,96.88,81,2.1064,102,P05771,PKCB,CDN1A_139_151_S8_0b512_O0xO,CDN1A_139_151,GRKRRQTS*MtDFY,GRKRRQTsMtDFY__
CAMK,TSSK6,SSTK,96.86,82,2.315,93,Q9BXA6,SSTK,CDN1A_139_151_S8_0b512_O0xO,CDN1A_139_151,GRKRRQTS*MtDFY,GRKRRQTsMtDFY__
Other,AURKA,AURA,96.85,83,3.3658,67,O14965,AURA,CDN1A_139_151_S8_0b512_O0xO,CDN1A_139_151,GRKRRQTS*MtDFY,GRKRRQTsMtDFY__
CAMK,TSSK1B,TSSK1,96.82,84,2.6372,86,Q9BXA7,TSSK1,CDN1A_139_151_S8_0b512_O0xO,CDN1A_139_151,GRKRRQTS*MtDFY,GRKRRQTsMtDFY__
AGC,PRKACG,PKACG,96.78,85,3.3447,68,P22612,PKACG,CDN1A_139_151_S8_0b512_O0xO,CDN1A_139_151,GRKRRQTS*MtDFY,GRKRRQTsMtDFY__
AGC,PRKX,PRKX,96.7,86,3.8488,49,P51817,PRKX,CDN1A_139_151_S8_0b512_O0xO,CDN1A_139_151,GRKRRQTS*MtDFY,GRKRRQTsMtDFY__
PDHK,BCKDK,BCKDK,96.61,87,0.9454,137,O14874,BCKDK,CDN1A_139_151_S8_0b512_O0xO,CDN1A_139_151,GRKRRQTS*MtDFY,GRKRRQTsMtDFY__
STE,PAK1,PAK1,96.57,88,2.8427,82,Q13153,PAK1,CDN1A_139_151_S8_0b512_O0xO,CDN1A_139_151,GRKRRQTS*MtDFY,GRKRRQTsMtDFY__
Other,SBK1,SBK,96.56,89,4.4156,25,Q52WX2,SBK,CDN1A_139_151_S8_0b512_O0xO,CDN1A_139_151,GRKRRQTS*MtDFY,GRKRRQTsMtDFY__
PIKK,PRKDC,DNAPK,96.55,90,2.2508,98,P78527,DNAPK,CDN1A_139_151_S8_0b512_O0xO,CDN1A_139_151,GRKRRQTS*MtDFY,GRKRRQTsMtDFY__
CMGC,CLK1,CLK1,96.5,91,3.9787,43,P49759,CLK1,CDN1A_139_151_S8_0b512_O0xO,CDN1A_139_151,GRKRRQTS*MtDFY,GRKRRQTsMtDFY__
CAMK,PRKD3,PRKD3,96.46,92,3.4086,63,O94806,PKD3,CDN1A_139_151_S8_0b512_O0xO,CDN1A_139_151,GRKRRQTS*MtDFY,GRKRRQTsMtDFY__
STE,MAP3K3,MEKK3,96.38,93,0.4376,153,Q99759,MEKK3,CDN1A_139_151_S8_0b512_O0xO,CDN1A_139_151,GRKRRQTS*MtDFY,GRKRRQTsMtDFY__
Other,PLK3,PLK3,96.34,94,2.2589,97,Q9H4B4,PLK3,CDN1A_139_151_S8_0b512_O0xO,CDN1A_139_151,GRKRRQTS*MtDFY,GRKRRQTsMtDFY__
CAMK,NIM1K,NIM1,96.3,95,1.3997,124,Q8IY84,NIM1,CDN1A_139_151_S8_0b512_O0xO,CDN1A_139_151,GRKRRQTS*MtDFY,GRKRRQTsMtDFY__
Other,TBK1,TBK1,96.15,96,1.4836,122,Q9UHD2,TBK1,CDN1A_139_151_S8_0b512_O0xO,CDN1A_139_151,GRKRRQTS*MtDFY,GRKRRQTsMtDFY__
CMGC,CLK3,CLK3,96.13,97,3.1455,74,P49761,CLK3,CDN1A_139_151_S8_0b512_O0xO,CDN1A_139_151,GRKRRQTS*MtDFY,GRKRRQTsMtDFY__
CAMK,TSSK2,TSSK2,96.1,98,2.1924,99,Q96PF2,TSSK2,CDN1A_139_151_S8_0b512_O0xO,CDN1A_139_151,GRKRRQTS*MtDFY,GRKRRQTsMtDFY__
CMGC,CLK4,CLK4,96.04,99,3.9245,46,Q9HAZ1,CLK4,CDN1A_139_151_S8_0b512_O0xO,CDN1A_139_151,GRKRRQTS*MtDFY,GRKRRQTsMtDFY__
CMGC,CDKL2,CDKL2,95.97,100,3.4808,61,Q92772,CDKL2,CDN1A_139_151_S8_0b512_O0xO,CDN1A_139_151,GRKRRQTS*MtDFY,GRKRRQTsMtDFY__
AGC,PKN1,PKN1,95.94,101,2.0502,103,Q16512,PKN1,CDN1A_139_151_S8_0b512_O0xO,CDN1A_139_151,GRKRRQTS*MtDFY,GRKRRQTsMtDFY__
STE,PAK4,PAK4,95.8,102,2.0382,105,O96013,PAK4,CDN1A_139_151_S8_0b512_O0xO,CDN1A_139_151,GRKRRQTS*MtDFY,GRKRRQTsMtDFY__
Other,IKBKB,IKKB,95.75,103,1.5413,119,O14920,IKKB,CDN1A_139_151_S8_0b512_O0xO,CDN1A_139_151,GRKRRQTS*MtDFY,GRKRRQTsMtDFY__
AGC,PRKCG,PKCG,95.73,104,1.8032,114,P05129,PKCG,CDN1A_139_151_S8_0b512_O0xO,CDN1A_139_151,GRKRRQTS*MtDFY,GRKRRQTsMtDFY__
CAMK,PHKG1,PHKG1,95.7,105,1.5828,118,Q16816,PHKG1,CDN1A_139_151_S8_0b512_O0xO,CDN1A_139_151,GRKRRQTS*MtDFY,GRKRRQTsMtDFY__
AGC,AKT3,AKT3,95.63,106,2.8826,81,Q9Y243,AKT3,CDN1A_139_151_S8_0b512_O0xO,CDN1A_139_151,GRKRRQTS*MtDFY,GRKRRQTsMtDFY__
CK1,CSNK1G3,CK1G3,95.58,107,1.6543,117,Q9Y6M4,CK1G3,CDN1A_139_151_S8_0b512_O0xO,CDN1A_139_151,GRKRRQTS*MtDFY,GRKRRQTsMtDFY__
STE,MAP4K1,HPK1,95.45,108,0.3482,154,Q92918,HPK1,CDN1A_139_151_S8_0b512_O0xO,CDN1A_139_151,GRKRRQTS*MtDFY,GRKRRQTsMtDFY__
AGC,AKT1,AKT1,94.98,109,2.6112,87,P31749,AKT1,CDN1A_139_151_S8_0b512_O0xO,CDN1A_139_151,GRKRRQTS*MtDFY,GRKRRQTsMtDFY__
STE,PAK3,PAK3,94.91,110,2.0446,104,O75914,PAK3,CDN1A_139_151_S8_0b512_O0xO,CDN1A_139_151,GRKRRQTS*MtDFY,GRKRRQTsMtDFY__
CMGC,SRPK3,SRPK3,94.88,111,3.094,76,Q9UPE1,SRPK3,CDN1A_139_151_S8_0b512_O0xO,CDN1A_139_151,GRKRRQTS*MtDFY,GRKRRQTsMtDFY__
STE,PAK5,PAK5,94.64,112,1.6966,116,Q9P286,PAK5,CDN1A_139_151_S8_0b512_O0xO,CDN1A_139_151,GRKRRQTS*MtDFY,GRKRRQTsMtDFY__
Other,TLK1,TLK1,94.16,113,0.6639,148,Q9UKI8,TLK1,CDN1A_139_151_S8_0b512_O0xO,CDN1A_139_151,GRKRRQTS*MtDFY,GRKRRQTsMtDFY__
Other,CHUK,IKKA,94.11,114,0.9889,136,O15111,IKKA,CDN1A_139_151_S8_0b512_O0xO,CDN1A_139_151,GRKRRQTS*MtDFY,GRKRRQTsMtDFY__
AGC,PRKG2,PKG2,94.09,115,2.1197,101,Q13237,PKG2,CDN1A_139_151_S8_0b512_O0xO,CDN1A_139_151,GRKRRQTS*MtDFY,GRKRRQTsMtDFY__
CAMK,STK33,STK33,93.92,116,0.2637,156,Q9BYT3,STK33,CDN1A_139_151_S8_0b512_O0xO,CDN1A_139_151,GRKRRQTS*MtDFY,GRKRRQTsMtDFY__
Other,WNK4,WNK4,93.71,117,0.9148,139,Q96J92,WNK4,CDN1A_139_151_S8_0b512_O0xO,CDN1A_139_151,GRKRRQTS*MtDFY,GRKRRQTsMtDFY__
AGC,GRK6,GRK6,93.61,118,1.9874,108,P43250,GRK6,CDN1A_139_151_S8_0b512_O0xO,CDN1A_139_151,GRKRRQTS*MtDFY,GRKRRQTsMtDFY__
Other,AURKB,AURB,93.6,119,1.9545,109,Q96GD4,AURB,CDN1A_139_151_S8_0b512_O0xO,CDN1A_139_151,GRKRRQTS*MtDFY,GRKRRQTsMtDFY__
AGC,PRKCE,PKCE,93.3,120,1.1084,131,Q02156,PKCE,CDN1A_139_151_S8_0b512_O0xO,CDN1A_139_151,GRKRRQTS*MtDFY,GRKRRQTsMtDFY__
CMGC,SRPK2,SRPK2,93.2,121,2.7693,84,P78362,SRPK2,CDN1A_139_151_S8_0b512_O0xO,CDN1A_139_151,GRKRRQTS*MtDFY,GRKRRQTsMtDFY__
Other,IKBKE,IKKE,93.17,122,0.9029,141,Q14164,IKKE,CDN1A_139_151_S8_0b512_O0xO,CDN1A_139_151,GRKRRQTS*MtDFY,GRKRRQTsMtDFY__
CAMK,CHEK1,CHK1,93.13,123,1.5188,120,O14757,CHK1,CDN1A_139_151_S8_0b512_O0xO,CDN1A_139_151,GRKRRQTS*MtDFY,GRKRRQTsMtDFY__
AGC,MASTL,MASTL,93.09,124,0.232,157,Q96GX5,MASTL,CDN1A_139_151_S8_0b512_O0xO,CDN1A_139_151,GRKRRQTS*MtDFY,GRKRRQTsMtDFY__
CMGC,CDKL1,CDKL1,93.03,125,2.5258,90,Q00532,CDKL1,CDN1A_139_151_S8_0b512_O0xO,CDN1A_139_151,GRKRRQTS*MtDFY,GRKRRQTsMtDFY__
AGC,PRKG1,PKG1,93.03,125,1.0444,132,Q13976,PKG1,CDN1A_139_151_S8_0b512_O0xO,CDN1A_139_151,GRKRRQTS*MtDFY,GRKRRQTsMtDFY__
Other,AURKC,AURC,92.97,127,1.8628,110,Q9UQB9,AURC,CDN1A_139_151_S8_0b512_O0xO,CDN1A_139_151,GRKRRQTS*MtDFY,GRKRRQTsMtDFY__
TKL,RIPK1,RIPK1,92.97,127,0.8757,142,Q13546,RIPK1,CDN1A_139_151_S8_0b512_O0xO,CDN1A_139_151,GRKRRQTS*MtDFY,GRKRRQTsMtDFY__
STE,MAP2K1,MEK1,92.78,129,-0.352,183,Q02750,MEK1,CDN1A_139_151_S8_0b512_O0xO,CDN1A_139_151,GRKRRQTS*MtDFY,GRKRRQTsMtDFY__
AGC,GRK2,GRK2,92.76,130,1.1308,129,P25098,GRK2,CDN1A_139_151_S8_0b512_O0xO,CDN1A_139_151,GRKRRQTS*MtDFY,GRKRRQTsMtDFY__
STE,MAP4K2,GCK,92.72,131,-0.1355,176,Q12851,GCK,CDN1A_139_151_S8_0b512_O0xO,CDN1A_139_151,GRKRRQTS*MtDFY,GRKRRQTsMtDFY__
AGC,PRKCH,PKCH,92.69,132,0.9125,140,P24723,PKCH,CDN1A_139_151_S8_0b512_O0xO,CDN1A_139_151,GRKRRQTS*MtDFY,GRKRRQTsMtDFY__
PDHK,PDK4,PDHK4,92.24,133,0.4459,151,Q16654,PDHK4,CDN1A_139_151_S8_0b512_O0xO,CDN1A_139_151,GRKRRQTS*MtDFY,GRKRRQTsMtDFY__
AGC,PRKCQ,PKCT,92.18,134,0.8568,143,Q04759,PKCT,CDN1A_139_151_S8_0b512_O0xO,CDN1A_139_151,GRKRRQTS*MtDFY,GRKRRQTsMtDFY__
CAMK,MKNK1,MNK1,92.05,135,1.1175,130,Q9BUB5,MNK1,CDN1A_139_151_S8_0b512_O0xO,CDN1A_139_151,GRKRRQTS*MtDFY,GRKRRQTsMtDFY__
AGC,PDPK1,PDK1,91.88,136,-0.1264,174,O15530,PDK1,CDN1A_139_151_S8_0b512_O0xO,CDN1A_139_151,GRKRRQTS*MtDFY,GRKRRQTsMtDFY__
PIKK,ATM,ATM,91.6,137,0.9911,135,Q13315,ATM,CDN1A_139_151_S8_0b512_O0xO,CDN1A_139_151,GRKRRQTS*MtDFY,GRKRRQTsMtDFY__
CAMK,CAMK2G,CAMK2G,91.36,138,1.2474,126,Q13555,CAMK2G,CDN1A_139_151_S8_0b512_O0xO,CDN1A_139_151,GRKRRQTS*MtDFY,GRKRRQTsMtDFY__
CK1,CSNK1G2,CK1G2,91.19,139,0.8048,144,P78368,CK1G2,CDN1A_139_151_S8_0b512_O0xO,CDN1A_139_151,GRKRRQTS*MtDFY,GRKRRQTsMtDFY__
CAMK,PRKD1,PRKD1,91.09,140,1.8169,112,Q15139,PKD1,CDN1A_139_151_S8_0b512_O0xO,CDN1A_139_151,GRKRRQTS*MtDFY,GRKRRQTsMtDFY__
CK1,CSNK1A1L,CK1A2,90.9,141,0.9956,133,Q8N752,CK1A2,CDN1A_139_151_S8_0b512_O0xO,CDN1A_139_151,GRKRRQTS*MtDFY,GRKRRQTsMtDFY__
CMGC,DYRK1B,DYRK1B,90.88,142,3.7526,51,Q9Y463,DYRK1B,CDN1A_139_151_S8_0b512_O0xO,CDN1A_139_151,GRKRRQTS*MtDFY,GRKRRQTsMtDFY__
STE,STK24,MST3,90.67,143,0.0838,164,Q9Y6E0,MST3,CDN1A_139_151_S8_0b512_O0xO,CDN1A_139_151,GRKRRQTS*MtDFY,GRKRRQTsMtDFY__
AGC,GRK3,GRK3,90.57,144,1.2463,127,P35626,GRK3,CDN1A_139_151_S8_0b512_O0xO,CDN1A_139_151,GRKRRQTS*MtDFY,GRKRRQTsMtDFY__
AGC,PKN3,PKN3,90.54,145,1.4898,121,Q6P5Z2,PKN3,CDN1A_139_151_S8_0b512_O0xO,CDN1A_139_151,GRKRRQTS*MtDFY,GRKRRQTsMtDFY__
STE,SLK,SLK,90.15,146,-0.5931,195,Q9H2G2,SLK,CDN1A_139_151_S8_0b512_O0xO,CDN1A_139_151,GRKRRQTS*MtDFY,GRKRRQTsMtDFY__
AGC,PRKCD,PKCD,90.03,147,0.9334,138,Q05655,PKCD,CDN1A_139_151_S8_0b512_O0xO,CDN1A_139_151,GRKRRQTS*MtDFY,GRKRRQTsMtDFY__
CK1,CSNK1G1,CK1G1,90.01,148,0.4384,152,Q9HCP0,CK1G1,CDN1A_139_151_S8_0b512_O0xO,CDN1A_139_151,GRKRRQTS*MtDFY,GRKRRQTsMtDFY__
CMGC,DYRK3,DYRK3,90.01,148,2.6988,85,O43781,DYRK3,CDN1A_139_151_S8_0b512_O0xO,CDN1A_139_151,GRKRRQTS*MtDFY,GRKRRQTsMtDFY__
TKL,RIPK2,RIPK2,89.71,150,-1.1679,216,O43353,RIPK2,CDN1A_139_151_S8_0b512_O0xO,CDN1A_139_151,GRKRRQTS*MtDFY,GRKRRQTsMtDFY__
STE,STK26,MST4,89.66,151,0.6863,146,Q9P289,MST4,CDN1A_139_151_S8_0b512_O0xO,CDN1A_139_151,GRKRRQTS*MtDFY,GRKRRQTsMtDFY__
Other,PLK1,PLK1,89.66,151,0.6654,147,P53350,PLK1,CDN1A_139_151_S8_0b512_O0xO,CDN1A_139_151,GRKRRQTS*MtDFY,GRKRRQTsMtDFY__
TKL,RIPK3,RIPK3,89.62,153,0.2067,158,Q9Y572,RIPK3,CDN1A_139_151_S8_0b512_O0xO,CDN1A_139_151,GRKRRQTS*MtDFY,GRKRRQTsMtDFY__
Other,PLK4,PLK4,89.43,154,-0.7057,198,O00444,PLK4,CDN1A_139_151_S8_0b512_O0xO,CDN1A_139_151,GRKRRQTS*MtDFY,GRKRRQTsMtDFY__
Other,NEK11,NEK11,89.2,155,-0.773,201,Q8NG66,NEK11,CDN1A_139_151_S8_0b512_O0xO,CDN1A_139_151,GRKRRQTS*MtDFY,GRKRRQTsMtDFY__
CK1,TTBK1,TTBK1,88.98,156,-0.3626,184,Q5TCY1,TTBK1,CDN1A_139_151_S8_0b512_O0xO,CDN1A_139_151,GRKRRQTS*MtDFY,GRKRRQTsMtDFY__
CMGC,SRPK1,SRPK1,88.82,157,2.3136,94,Q96SB4,SRPK1,CDN1A_139_151_S8_0b512_O0xO,CDN1A_139_151,GRKRRQTS*MtDFY,GRKRRQTsMtDFY__
AGC,PRKCI,PKCI,88.71,158,0.1056,162,P41743,PKCI,CDN1A_139_151_S8_0b512_O0xO,CDN1A_139_151,GRKRRQTS*MtDFY,GRKRRQTsMtDFY__
STE,PAK6,PAK6,88.31,159,0.3261,155,Q9NQU5,PAK6,CDN1A_139_151_S8_0b512_O0xO,CDN1A_139_151,GRKRRQTS*MtDFY,GRKRRQTsMtDFY__
Other,PBK,PBK,87.77,160,-0.8244,202,Q96KB5,PBK,CDN1A_139_151_S8_0b512_O0xO,CDN1A_139_151,GRKRRQTS*MtDFY,GRKRRQTsMtDFY__
CMGC,DYRK4,DYRK4,87.46,161,3.4088,62,Q9NR20,DYRK4,CDN1A_139_151_S8_0b512_O0xO,CDN1A_139_151,GRKRRQTS*MtDFY,GRKRRQTsMtDFY__
Alpha,ALPK1,ALPHAK3,86.84,162,-1.0991,213,Q96QP1,ALPHAK3,CDN1A_139_151_S8_0b512_O0xO,CDN1A_139_151,GRKRRQTS*MtDFY,GRKRRQTsMtDFY__
Other,CDC7,CDC7,86.83,163,0.5339,150,O00311,CDC7,CDN1A_139_151_S8_0b512_O0xO,CDN1A_139_151,GRKRRQTS*MtDFY,GRKRRQTsMtDFY__
Other,CAMKK2,CAMKK2,86.71,164,-1.6026,229,Q96RR4,CAMKK2,CDN1A_139_151_S8_0b512_O0xO,CDN1A_139_151,GRKRRQTS*MtDFY,GRKRRQTsMtDFY__
STE,MAP2K5,MEK5,86.23,165,-0.9503,207,Q13163,MEK5,CDN1A_139_151_S8_0b512_O0xO,CDN1A_139_151,GRKRRQTS*MtDFY,GRKRRQTsMtDFY__
TKL,ACVR1C,ALK7,86.13,166,1.1864,128,Q8NER5,ALK7,CDN1A_139_151_S8_0b512_O0xO,CDN1A_139_151,GRKRRQTS*MtDFY,GRKRRQTsMtDFY__
Other,NEK8,NEK8,85.83,167,-0.9804,209,Q86SG6,NEK8,CDN1A_139_151_S8_0b512_O0xO,CDN1A_139_151,GRKRRQTS*MtDFY,GRKRRQTsMtDFY__
STE,STK10,LOK,85.78,168,-0.92490000000000006,205,O94804,LOK,CDN1A_139_151_S8_0b512_O0xO,CDN1A_139_151,GRKRRQTS*MtDFY,GRKRRQTsMtDFY__
CMGC,CDKL5,CDKL5,85.52,169,1.4389,123,O76039,CDKL5,CDN1A_139_151_S8_0b512_O0xO,CDN1A_139_151,GRKRRQTS*MtDFY,GRKRRQTsMtDFY__
AGC,PRKCA,PKCA,85.18,170,0.0672,166,P17252,PKCA,CDN1A_139_151_S8_0b512_O0xO,CDN1A_139_151,GRKRRQTS*MtDFY,GRKRRQTsMtDFY__
PIKK,MTOR,MTOR,84.9,171,0.9932,134,P42345,MTOR,CDN1A_139_151_S8_0b512_O0xO,CDN1A_139_151,GRKRRQTS*MtDFY,GRKRRQTsMtDFY__
STE,MAP4K3,KHS2,84.79,172,-1.171,217,Q8IVH8,KHS2,CDN1A_139_151_S8_0b512_O0xO,CDN1A_139_151,GRKRRQTS*MtDFY,GRKRRQTsMtDFY__
Other,GAK,GAK,83.82,173,-1.0676,211,O14976,GAK,CDN1A_139_151_S8_0b512_O0xO,CDN1A_139_151,GRKRRQTS*MtDFY,GRKRRQTsMtDFY__
CK1,CSNK1D,CK1D,83.81,174,0.2049,160,P48730,CK1D,CDN1A_139_151_S8_0b512_O0xO,CDN1A_139_151,GRKRRQTS*MtDFY,GRKRRQTsMtDFY__
Other,PLK2,PLK2,82.96,175,-0.0619,169,Q9NYY3,PLK2,CDN1A_139_151_S8_0b512_O0xO,CDN1A_139_151,GRKRRQTS*MtDFY,GRKRRQTsMtDFY__
PIKK,SMG1,SMG1,82.86,176,-0.6722,197,Q96Q15,SMG1,CDN1A_139_151_S8_0b512_O0xO,CDN1A_139_151,GRKRRQTS*MtDFY,GRKRRQTsMtDFY__
CMGC,DYRK1A,DYRK1A,82.54,177,2.01,106,Q13627,DYRK1A,CDN1A_139_151_S8_0b512_O0xO,CDN1A_139_151,GRKRRQTS*MtDFY,GRKRRQTsMtDFY__
TKL,ACVRL1,ALK1,82.53,178,0.2067,158,P37023,ALK1,CDN1A_139_151_S8_0b512_O0xO,CDN1A_139_151,GRKRRQTS*MtDFY,GRKRRQTsMtDFY__
PDHK,PDK1,PDHK1,82.52,179,-0.1654,177,Q15118,PDHK1,CDN1A_139_151_S8_0b512_O0xO,CDN1A_139_151,GRKRRQTS*MtDFY,GRKRRQTsMtDFY__
TKL,RIPK4,ANKRD3,82.22,180,-0.4053,187,P57078,ANKRD3,CDN1A_139_151_S8_0b512_O0xO,CDN1A_139_151,GRKRRQTS*MtDFY,GRKRRQTsMtDFY__
TKL,MAP3K7,TAK1,82.06,181,-2.0011,239,O43318,TAK1,CDN1A_139_151_S8_0b512_O0xO,CDN1A_139_151,GRKRRQTS*MtDFY,GRKRRQTsMtDFY__
CAMK,MKNK2,MNK2,82.04,182,0.1043,163,Q9HBH9,MNK2,CDN1A_139_151_S8_0b512_O0xO,CDN1A_139_151,GRKRRQTS*MtDFY,GRKRRQTsMtDFY__
FAM20,FAM20C,FAM20C,81.26,183,-0.719,199,Q8IXL6,FAM20C,CDN1A_139_151_S8_0b512_O0xO,CDN1A_139_151,GRKRRQTS*MtDFY,GRKRRQTsMtDFY__
STE,MAP3K19,YSK4,79.67,184,-0.9387,206,Q56UN5,YSK4,CDN1A_139_151_S8_0b512_O0xO,CDN1A_139_151,GRKRRQTS*MtDFY,GRKRRQTsMtDFY__
STE,MAP3K6,MEKK6,79.6,185,-2.5361,259,O95382,ASK2,CDN1A_139_151_S8_0b512_O0xO,CDN1A_139_151,GRKRRQTS*MtDFY,GRKRRQTsMtDFY__
AGC,GRK7,GRK7,79.49,186,-0.7475,200,Q8WTQ7,GRK7,CDN1A_139_151_S8_0b512_O0xO,CDN1A_139_151,GRKRRQTS*MtDFY,GRKRRQTsMtDFY__
STE,TAOK2,TAO2,79.12,187,-1.4825,224,Q9UL54,TAO2,CDN1A_139_151_S8_0b512_O0xO,CDN1A_139_151,GRKRRQTS*MtDFY,GRKRRQTsMtDFY__
Other,TLK2,TLK2,78.59,188,-0.4082,188,Q86UE8,TLK2,CDN1A_139_151_S8_0b512_O0xO,CDN1A_139_151,GRKRRQTS*MtDFY,GRKRRQTsMtDFY__
AGC,PRKCZ,PKCZ,77.88,189,-0.5174,191,Q05513,PKCZ,CDN1A_139_151_S8_0b512_O0xO,CDN1A_139_151,GRKRRQTS*MtDFY,GRKRRQTsMtDFY__
CK1,CSNK1E,CK1E,77.42,190,0.0126,167,P49674,CK1E,CDN1A_139_151_S8_0b512_O0xO,CDN1A_139_151,GRKRRQTS*MtDFY,GRKRRQTsMtDFY__
Other,CSNK2A1,CK2A1,77.34,191,-1.4016,222,P68400,CK2A1,CDN1A_139_151_S8_0b512_O0xO,CDN1A_139_151,GRKRRQTS*MtDFY,GRKRRQTsMtDFY__
CK1,TTBK2,TTBK2,77.15,192,-0.5337,193,Q6IQ55,TTBK2,CDN1A_139_151_S8_0b512_O0xO,CDN1A_139_151,GRKRRQTS*MtDFY,GRKRRQTsMtDFY__
STE,MAP3K8,COT,77.13,193,0.5672,149,P41279,COT,CDN1A_139_151_S8_0b512_O0xO,CDN1A_139_151,GRKRRQTS*MtDFY,GRKRRQTsMtDFY__
TKL,TGFBR2,TGFBR2,76.23,194,-0.8325,204,P37173,TGFBR2,CDN1A_139_151_S8_0b512_O0xO,CDN1A_139_151,GRKRRQTS*MtDFY,GRKRRQTsMtDFY__
CMGC,DYRK2,DYRK2,76.02,195,1.812,113,Q92630,DYRK2,CDN1A_139_151_S8_0b512_O0xO,CDN1A_139_151,GRKRRQTS*MtDFY,GRKRRQTsMtDFY__
PIKK,ATR,ATR,75.09,196,-0.1044,173,Q13535,ATR,CDN1A_139_151_S8_0b512_O0xO,CDN1A_139_151,GRKRRQTS*MtDFY,GRKRRQTsMtDFY__
TKL,IRAK1,IRAK1,74.69,197,-1.6642,232,P51617,IRAK1,CDN1A_139_151_S8_0b512_O0xO,CDN1A_139_151,GRKRRQTS*MtDFY,GRKRRQTsMtDFY__
AGC,GRK1,GRK1,74.63,198,-0.0979,172,Q15835,GRK1,CDN1A_139_151_S8_0b512_O0xO,CDN1A_139_151,GRKRRQTS*MtDFY,GRKRRQTsMtDFY__
STE,MAP4K5,KHS1,74.5,199,-1.972,237,Q9Y4K4,KHS1,CDN1A_139_151_S8_0b512_O0xO,CDN1A_139_151,GRKRRQTS*MtDFY,GRKRRQTsMtDFY__
TKL,ACVR1B,ALK4,74.45,200,-0.4615,190,P36896,ALK4,CDN1A_139_151_S8_0b512_O0xO,CDN1A_139_151,GRKRRQTS*MtDFY,GRKRRQTsMtDFY__
TKL,BMPR1B,BMPR1B,73.61,201,-0.2728,179,O00238,BMPR1B,CDN1A_139_151_S8_0b512_O0xO,CDN1A_139_151,GRKRRQTS*MtDFY,GRKRRQTsMtDFY__
TKL,ACVR1,ALK2,73.08,202,-0.8294,203,Q04771,ALK2,CDN1A_139_151_S8_0b512_O0xO,CDN1A_139_151,GRKRRQTS*MtDFY,GRKRRQTsMtDFY__
CMGC,CILK1,ICK,72.78,203,-0.3752,186,Q9UPZ9,ICK,CDN1A_139_151_S8_0b512_O0xO,CDN1A_139_151,GRKRRQTS*MtDFY,GRKRRQTsMtDFY__
STE,TAOK3,TAO3,72.41,204,-1.1636,215,Q9H2K8,TAO3,CDN1A_139_151_S8_0b512_O0xO,CDN1A_139_151,GRKRRQTS*MtDFY,GRKRRQTsMtDFY__
TKL,BMPR1A,BMPR1A,72.36,205,-1.156,214,P36894,BMPR1A,CDN1A_139_151_S8_0b512_O0xO,CDN1A_139_151,GRKRRQTS*MtDFY,GRKRRQTsMtDFY__
Other,ERN1,IRE1,72.06,206,-1.2327,219,O75460,IRE1,CDN1A_139_151_S8_0b512_O0xO,CDN1A_139_151,GRKRRQTS*MtDFY,GRKRRQTsMtDFY__
TKL,TGFBR1,TGFBR1,71.68,207,-0.3053,182,P36897,TGFBR1,CDN1A_139_151_S8_0b512_O0xO,CDN1A_139_151,GRKRRQTS*MtDFY,GRKRRQTsMtDFY__
CMGC,CDK15,CDK15,71.67,208,0.7927,145,Q96Q40,CDK15,CDN1A_139_151_S8_0b512_O0xO,CDN1A_139_151,GRKRRQTS*MtDFY,GRKRRQTsMtDFY__
STE,TAOK1,TAO1,71.17,209,-3.0202,269,Q7L7X3,TAO1,CDN1A_139_151_S8_0b512_O0xO,CDN1A_139_151,GRKRRQTS*MtDFY,GRKRRQTsMtDFY__
Other,CSNK2A2,CK2A2,71.11,210,-2.1554,244,P19784,CK2A2,CDN1A_139_151_S8_0b512_O0xO,CDN1A_139_151,GRKRRQTS*MtDFY,GRKRRQTsMtDFY__
CMGC,CDK10,CDK10,70.35,211,-0.0603,168,Q15131,CDK10,CDN1A_139_151_S8_0b512_O0xO,CDN1A_139_151,GRKRRQTS*MtDFY,GRKRRQTsMtDFY__
Other,ULK3,ULK3,69.52,212,-2.0656,240,Q6PHR2,ULK3,CDN1A_139_151_S8_0b512_O0xO,CDN1A_139_151,GRKRRQTS*MtDFY,GRKRRQTsMtDFY__
STE,STK39,STLK3,69.43,213,-4.4986,298,Q9UEW8,STLK3,CDN1A_139_151_S8_0b512_O0xO,CDN1A_139_151,GRKRRQTS*MtDFY,GRKRRQTsMtDFY__
TKL,LRRK2,LRRK2,68.33,214,-2.2718,249,Q5S007,LRRK2,CDN1A_139_151_S8_0b512_O0xO,CDN1A_139_151,GRKRRQTS*MtDFY,GRKRRQTsMtDFY__
CMGC,MOK,MOK,67.97,215,-0.0925,171,Q9UQ07,MOK,CDN1A_139_151_S8_0b512_O0xO,CDN1A_139_151,GRKRRQTS*MtDFY,GRKRRQTsMtDFY__
STE,STK3,MST2,67.93,216,-2.5963,262,Q13188,MST2,CDN1A_139_151_S8_0b512_O0xO,CDN1A_139_151,GRKRRQTS*MtDFY,GRKRRQTsMtDFY__
AGC,GRK5,GRK5,67.83,217,-0.5212,192,P34947,GRK5,CDN1A_139_151_S8_0b512_O0xO,CDN1A_139_151,GRKRRQTS*MtDFY,GRKRRQTsMtDFY__
Other,EIF2AK4,GCN2,67.01,218,-1.436,223,Q9P2K8,GCN2,CDN1A_139_151_S8_0b512_O0xO,CDN1A_139_151,GRKRRQTS*MtDFY,GRKRRQTsMtDFY__
TKL,MAP3K9,MLK1,66.96,219,-1.0902,212,P80192,MLK1,CDN1A_139_151_S8_0b512_O0xO,CDN1A_139_151,GRKRRQTS*MtDFY,GRKRRQTsMtDFY__
TKL,BRAF,BRAF,66.03,220,-1.642,231,P15056,BRAF,CDN1A_139_151_S8_0b512_O0xO,CDN1A_139_151,GRKRRQTS*MtDFY,GRKRRQTsMtDFY__
CK1,VRK1,VRK1,65.15,221,-3.1089,271,Q99986,VRK1,CDN1A_139_151_S8_0b512_O0xO,CDN1A_139_151,GRKRRQTS*MtDFY,GRKRRQTsMtDFY__
TKL,ACVR2A,ACVR2A,64.8,222,-1.1794,218,P27037,ACVR2A,CDN1A_139_151_S8_0b512_O0xO,CDN1A_139_151,GRKRRQTS*MtDFY,GRKRRQTsMtDFY__
Other,NEK2,NEK2,63.83,223,-1.3735,221,P51955,NEK2,CDN1A_139_151_S8_0b512_O0xO,CDN1A_139_151,GRKRRQTS*MtDFY,GRKRRQTsMtDFY__
STE,STK25,YSK1,63.57,224,-3.1775,274,O00506,YSK1,CDN1A_139_151_S8_0b512_O0xO,CDN1A_139_151,GRKRRQTS*MtDFY,GRKRRQTsMtDFY__
STE,STK4,MST1,63.23,225,-2.4102,254,Q13043,MST1,CDN1A_139_151_S8_0b512_O0xO,CDN1A_139_151,GRKRRQTS*MtDFY,GRKRRQTsMtDFY__
CMGC,HIPK3,HIPK3,62.22,226,0.1562,161,Q9H422,HIPK3,CDN1A_139_151_S8_0b512_O0xO,CDN1A_139_151,GRKRRQTS*MtDFY,GRKRRQTsMtDFY__
Other,ULK1,ULK1,62.2,227,-2.252,247,O75385,ULK1,CDN1A_139_151_S8_0b512_O0xO,CDN1A_139_151,GRKRRQTS*MtDFY,GRKRRQTsMtDFY__
CMGC,MAK,MAK,61.97,228,-0.6432,196,P20794,MAK,CDN1A_139_151_S8_0b512_O0xO,CDN1A_139_151,GRKRRQTS*MtDFY,GRKRRQTsMtDFY__
Other,NEK4,NEK4,61.79,229,-2.5027,257,P51957,NEK4,CDN1A_139_151_S8_0b512_O0xO,CDN1A_139_151,GRKRRQTS*MtDFY,GRKRRQTsMtDFY__
CMGC,MAPK9,JNK2,60.92,230,-0.5897,194,P45984,JNK2,CDN1A_139_151_S8_0b512_O0xO,CDN1A_139_151,GRKRRQTS*MtDFY,GRKRRQTsMtDFY__
AGC,GRK4,GRK4,60.43,231,-0.9647,208,P32298,GRK4,CDN1A_139_151_S8_0b512_O0xO,CDN1A_139_151,GRKRRQTS*MtDFY,GRKRRQTsMtDFY__
Other,NEK7,NEK7,60.12,232,-1.6892,233,Q8TDX7,NEK7,CDN1A_139_151_S8_0b512_O0xO,CDN1A_139_151,GRKRRQTS*MtDFY,GRKRRQTsMtDFY__
Other,MOS,MOS,60.07,233,-0.129,175,P00540,MOS,CDN1A_139_151_S8_0b512_O0xO,CDN1A_139_151,GRKRRQTS*MtDFY,GRKRRQTsMtDFY__
Alpha,EEF2K,EEF2K,59.25,234,-2.9929,268,O00418,EEF2K,CDN1A_139_151_S8_0b512_O0xO,CDN1A_139_151,GRKRRQTS*MtDFY,GRKRRQTsMtDFY__
Other,EIF2AK2,PKR,58.51,235,-1.569,228,P19525,PKR,CDN1A_139_151_S8_0b512_O0xO,CDN1A_139_151,GRKRRQTS*MtDFY,GRKRRQTsMtDFY__
CMGC,HIPK1,HIPK1,58.26,236,-0.0849,170,Q86Z02,HIPK1,CDN1A_139_151_S8_0b512_O0xO,CDN1A_139_151,GRKRRQTS*MtDFY,GRKRRQTsMtDFY__
Other,CAMKK1,CAMKK1,57.65,237,-2.7066,264,Q8N5S9,CAMKK1,CDN1A_139_151_S8_0b512_O0xO,CDN1A_139_151,GRKRRQTS*MtDFY,GRKRRQTsMtDFY__
Other,ERN2,IRE2,56.82,238,-2.2553,248,Q76MJ5,IRE2,CDN1A_139_151_S8_0b512_O0xO,CDN1A_139_151,GRKRRQTS*MtDFY,GRKRRQTsMtDFY__
TKL,MAP3K20,ZAK,56.67,239,-2.4798,255,Q9NYL2,ZAK,CDN1A_139_151_S8_0b512_O0xO,CDN1A_139_151,GRKRRQTS*MtDFY,GRKRRQTsMtDFY__
CMGC,HIPK4,HIPK4,56.23,240,-0.3636,185,Q8NE63,HIPK4,CDN1A_139_151_S8_0b512_O0xO,CDN1A_139_151,GRKRRQTS*MtDFY,GRKRRQTsMtDFY__
TKL,DSTYK,DSTYK,56.01,241,-1.5308,225,Q6XUX3,DSTYK,CDN1A_139_151_S8_0b512_O0xO,CDN1A_139_151,GRKRRQTS*MtDFY,GRKRRQTsMtDFY__
Other,TP53RK,PRPK,55.03,242,-0.1681,178,Q96S44,PRPK,CDN1A_139_151_S8_0b512_O0xO,CDN1A_139_151,GRKRRQTS*MtDFY,GRKRRQTsMtDFY__
CK1,CSNK1A1,CK1A,54.89,243,-1.2712,220,P48729,CK1A,CDN1A_139_151_S8_0b512_O0xO,CDN1A_139_151,GRKRRQTS*MtDFY,GRKRRQTsMtDFY__
Other,ULK2,ULK2,54.84,244,-1.8445,235,Q8IYT8,ULK2,CDN1A_139_151_S8_0b512_O0xO,CDN1A_139_151,GRKRRQTS*MtDFY,GRKRRQTsMtDFY__
STE,TNIK,TNIK,54.81,245,-2.9753,267,Q9UKE5,TNIK,CDN1A_139_151_S8_0b512_O0xO,CDN1A_139_151,GRKRRQTS*MtDFY,GRKRRQTsMtDFY__
CMGC,HIPK2,HIPK2,54.78,246,-1.0314,210,Q9H2X6,HIPK2,CDN1A_139_151_S8_0b512_O0xO,CDN1A_139_151,GRKRRQTS*MtDFY,GRKRRQTsMtDFY__
Other,EIF2AK1,HRI,54.64,247,-2.1071,241,Q9BQI3,HRI,CDN1A_139_151_S8_0b512_O0xO,CDN1A_139_151,GRKRRQTS*MtDFY,GRKRRQTsMtDFY__
STE,OXSR1,OSR1,53.83,248,-3.9452,289,O95747,OSR1,CDN1A_139_151_S8_0b512_O0xO,CDN1A_139_151,GRKRRQTS*MtDFY,GRKRRQTsMtDFY__
CK1,VRK2,VRK2,53.52,249,-2.3059,251,Q86Y07,VRK2,CDN1A_139_151_S8_0b512_O0xO,CDN1A_139_151,GRKRRQTS*MtDFY,GRKRRQTsMtDFY__
Other,NEK1,NEK1,53.26,250,-3.2224,277,Q96PY6,NEK1,CDN1A_139_151_S8_0b512_O0xO,CDN1A_139_151,GRKRRQTS*MtDFY,GRKRRQTsMtDFY__
STE,MAP2K2,MEK2,53.16,251,-3.5555,280,P36507,MEK2,CDN1A_139_151_S8_0b512_O0xO,CDN1A_139_151,GRKRRQTS*MtDFY,GRKRRQTsMtDFY__
CMGC,CDK14,CDK14,53.08,252,-1.5473,226,O94921,CDK14,CDN1A_139_151_S8_0b512_O0xO,CDN1A_139_151,GRKRRQTS*MtDFY,GRKRRQTsMtDFY__
TKL,MAP3K21,MLK4,52.99,253,-2.8114,265,Q5TCX8,MLK4,CDN1A_139_151_S8_0b512_O0xO,CDN1A_139_151,GRKRRQTS*MtDFY,GRKRRQTsMtDFY__
TKL,IRAK4,IRAK4,52.63,254,-2.5756,260,Q9NWZ3,IRAK4,CDN1A_139_151_S8_0b512_O0xO,CDN1A_139_151,GRKRRQTS*MtDFY,GRKRRQTsMtDFY__
CAMK,STK11,LKB1,52.4,255,-2.5123,258,Q15831,LKB1,CDN1A_139_151_S8_0b512_O0xO,CDN1A_139_151,GRKRRQTS*MtDFY,GRKRRQTsMtDFY__
TKL,BMPR2,BMPR2,51.99,256,-0.4191,189,Q13873,BMPR2,CDN1A_139_151_S8_0b512_O0xO,CDN1A_139_151,GRKRRQTS*MtDFY,GRKRRQTsMtDFY__
TKL,MAP3K11,MLK3,51.28,257,-2.1314,243,Q16584,MLK3,CDN1A_139_151_S8_0b512_O0xO,CDN1A_139_151,GRKRRQTS*MtDFY,GRKRRQTsMtDFY__
Other,NEK5,NEK5,50.51,258,-2.3766,252,Q6P3R8,NEK5,CDN1A_139_151_S8_0b512_O0xO,CDN1A_139_151,GRKRRQTS*MtDFY,GRKRRQTsMtDFY__
CMGC,NLK,NLK,50.28,259,-0.2833,180,Q9UBE8,NLK,CDN1A_139_151_S8_0b512_O0xO,CDN1A_139_151,GRKRRQTS*MtDFY,GRKRRQTsMtDFY__
STE,MAP3K2,MEKK2,49.64,260,-2.3821,253,Q9Y2U5,MEKK2,CDN1A_139_151_S8_0b512_O0xO,CDN1A_139_151,GRKRRQTS*MtDFY,GRKRRQTsMtDFY__
CMGC,GSK3B,GSK3B,48.32,261,0.0674,165,P49841,GSK3B,CDN1A_139_151_S8_0b512_O0xO,CDN1A_139_151,GRKRRQTS*MtDFY,GRKRRQTsMtDFY__
CMGC,MAPK1,ERK2,47.91,262,-1.7947,234,P28482,ERK2,CDN1A_139_151_S8_0b512_O0xO,CDN1A_139_151,GRKRRQTS*MtDFY,GRKRRQTsMtDFY__
STE,MINK1,MINK,47.76,263,-3.7718,286,Q8N4C8,MINK,CDN1A_139_151_S8_0b512_O0xO,CDN1A_139_151,GRKRRQTS*MtDFY,GRKRRQTsMtDFY__
Other,HASPIN,HASPIN,47.71,264,-4.0761,291,Q8TF76,HASPIN,CDN1A_139_151_S8_0b512_O0xO,CDN1A_139_151,GRKRRQTS*MtDFY,GRKRRQTsMtDFY__
STE,MAP3K5,ASK1,47.65,265,-4.8563,301,Q99683,ASK1,CDN1A_139_151_S8_0b512_O0xO,CDN1A_139_151,GRKRRQTS*MtDFY,GRKRRQTsMtDFY__
STE,MAP4K4,HGK,45.76,266,-3.4261,278,O95819,HGK,CDN1A_139_151_S8_0b512_O0xO,CDN1A_139_151,GRKRRQTS*MtDFY,GRKRRQTsMtDFY__
CMGC,MAPK10,JNK3,45.75,267,-1.5515,227,P53779,JNK3,CDN1A_139_151_S8_0b512_O0xO,CDN1A_139_151,GRKRRQTS*MtDFY,GRKRRQTsMtDFY__
CMGC,MAPK14,P38A,45.06,268,-1.641,230,Q16539,P38A,CDN1A_139_151_S8_0b512_O0xO,CDN1A_139_151,GRKRRQTS*MtDFY,GRKRRQTsMtDFY__
CMGC,MAPK8,JNK1,43.57,269,-1.9946,238,P45983,JNK1,CDN1A_139_151_S8_0b512_O0xO,CDN1A_139_151,GRKRRQTS*MtDFY,GRKRRQTsMtDFY__
Other,TTK,TTK,43.51,270,-4.9672,303,P33981,TTK,CDN1A_139_151_S8_0b512_O0xO,CDN1A_139_151,GRKRRQTS*MtDFY,GRKRRQTsMtDFY__
CMGC,CDK7,CDK7,42.6,271,-2.1113,242,P50613,CDK7,CDN1A_139_151_S8_0b512_O0xO,CDN1A_139_151,GRKRRQTS*MtDFY,GRKRRQTsMtDFY__
STE,MAP3K15,MAP3K15,41.8,272,-3.5746000000000002,281,Q6ZN16,ASK3,CDN1A_139_151_S8_0b512_O0xO,CDN1A_139_151,GRKRRQTS*MtDFY,GRKRRQTsMtDFY__
TKL,ACVR2B,ACVR2B,41.31,273,-2.2999,250,Q13705,ACVR2B,CDN1A_139_151_S8_0b512_O0xO,CDN1A_139_151,GRKRRQTS*MtDFY,GRKRRQTsMtDFY__
CMGC,MAPK12,P38G,41.01,274,-2.4858,256,P53778,P38G,CDN1A_139_151_S8_0b512_O0xO,CDN1A_139_151,GRKRRQTS*MtDFY,GRKRRQTsMtDFY__
Other,BMP2K,BIKE,40.88,275,-4.7481,300,Q9NSY1,BIKE,CDN1A_139_151_S8_0b512_O0xO,CDN1A_139_151,GRKRRQTS*MtDFY,GRKRRQTsMtDFY__
Other,NEK9,NEK9,40.7,276,-2.2477,246,Q8TD19,NEK9,CDN1A_139_151_S8_0b512_O0xO,CDN1A_139_151,GRKRRQTS*MtDFY,GRKRRQTsMtDFY__
Other,BUB1,BUB1,39.5,277,-4.1688,292,O43683,BUB1,CDN1A_139_151_S8_0b512_O0xO,CDN1A_139_151,GRKRRQTS*MtDFY,GRKRRQTsMtDFY__
CMGC,CDK4,CDK4,38.77,278,-3.1112,272,P11802,CDK4,CDN1A_139_151_S8_0b512_O0xO,CDN1A_139_151,GRKRRQTS*MtDFY,GRKRRQTsMtDFY__
CMGC,CDK9,CDK9,38.75,279,-2.6586,263,P50750,CDK9,CDN1A_139_151_S8_0b512_O0xO,CDN1A_139_151,GRKRRQTS*MtDFY,GRKRRQTsMtDFY__
CMGC,GSK3A,GSK3A,36.15,280,-0.2993,181,P49840,GSK3A,CDN1A_139_151_S8_0b512_O0xO,CDN1A_139_151,GRKRRQTS*MtDFY,GRKRRQTsMtDFY__
TKL,MAP3K10,MLK2,35.43,281,-2.2114,245,Q02779,MLK2,CDN1A_139_151_S8_0b512_O0xO,CDN1A_139_151,GRKRRQTS*MtDFY,GRKRRQTsMtDFY__
Other,EIF2AK3,PERK,35.37,282,-3.0691,270,Q9NZJ5,PERK,CDN1A_139_151_S8_0b512_O0xO,CDN1A_139_151,GRKRRQTS*MtDFY,GRKRRQTsMtDFY__
Alpha,TRPM7,CHAK1,34.29,283,-3.599,283,Q96QT4,TRPM7,CDN1A_139_151_S8_0b512_O0xO,CDN1A_139_151,GRKRRQTS*MtDFY,GRKRRQTsMtDFY__
STE,MYO3B,MYO3B,32.52,284,-5.6192,308,Q8WXR4,MYO3B,CDN1A_139_151_S8_0b512_O0xO,CDN1A_139_151,GRKRRQTS*MtDFY,GRKRRQTsMtDFY__
CMGC,MAPK7,ERK5,31.26,285,-1.9171,236,Q13164,ERK5,CDN1A_139_151_S8_0b512_O0xO,CDN1A_139_151,GRKRRQTS*MtDFY,GRKRRQTsMtDFY__
STE,MYO3A,MYO3A,30.68,286,-5.933,310,Q8NEV4,MYO3A,CDN1A_139_151_S8_0b512_O0xO,CDN1A_139_151,GRKRRQTS*MtDFY,GRKRRQTsMtDFY__
CMGC,MAPK11,P38B,30.47,287,-2.9747,266,Q15759,P38B,CDN1A_139_151_S8_0b512_O0xO,CDN1A_139_151,GRKRRQTS*MtDFY,GRKRRQTsMtDFY__
CMGC,CDK1,CDK1,30.28,288,-3.2156,276,P06493,CDK1,CDN1A_139_151_S8_0b512_O0xO,CDN1A_139_151,GRKRRQTS*MtDFY,GRKRRQTsMtDFY__
CMGC,CDK16,CDK16,28.78,289,-4.2382,293,Q00536,CDK16,CDN1A_139_151_S8_0b512_O0xO,CDN1A_139_151,GRKRRQTS*MtDFY,GRKRRQTsMtDFY__
STE,MAP3K1,MEKK1,28.61,290,-3.1987,275,Q13233,MEKK1,CDN1A_139_151_S8_0b512_O0xO,CDN1A_139_151,GRKRRQTS*MtDFY,GRKRRQTsMtDFY__
CMGC,CDK6,CDK6,28.18,291,-4.0595,290,Q00534,CDK6,CDN1A_139_151_S8_0b512_O0xO,CDN1A_139_151,GRKRRQTS*MtDFY,GRKRRQTsMtDFY__
CMGC,CDK2,CDK2,27.83,292,-3.5422,279,P24941,CDK2,CDN1A_139_151_S8_0b512_O0xO,CDN1A_139_151,GRKRRQTS*MtDFY,GRKRRQTsMtDFY__
CMGC,CDK3,CDK3,27.49,293,-5.5652,307,Q00526,CDK3,CDN1A_139_151_S8_0b512_O0xO,CDN1A_139_151,GRKRRQTS*MtDFY,GRKRRQTsMtDFY__
Other,AAK1,AAK1,27.45,294,-6.4368,311,Q2M2I8,AAK1,CDN1A_139_151_S8_0b512_O0xO,CDN1A_139_151,GRKRRQTS*MtDFY,GRKRRQTsMtDFY__
CMGC,CDK18,CDK18,26.94,295,-3.9245,288,Q07002,CDK18,CDN1A_139_151_S8_0b512_O0xO,CDN1A_139_151,GRKRRQTS*MtDFY,GRKRRQTsMtDFY__
Other,NEK3,NEK3,25.66,296,-5.1228,304,P51956,NEK3,CDN1A_139_151_S8_0b512_O0xO,CDN1A_139_151,GRKRRQTS*MtDFY,GRKRRQTsMtDFY__
CMGC,MAPK3,ERK1,24.67,297,-3.584,282,P27361,ERK1,CDN1A_139_151_S8_0b512_O0xO,CDN1A_139_151,GRKRRQTS*MtDFY,GRKRRQTsMtDFY__
CMGC,MAPK15,ERK7,23.61,298,-4.253,294,Q8TD08,ERK7,CDN1A_139_151_S8_0b512_O0xO,CDN1A_139_151,GRKRRQTS*MtDFY,GRKRRQTsMtDFY__
CMGC,CDK12,CDK12,23.45,299,-3.7968,287,Q9NYV4,CDK12,CDN1A_139_151_S8_0b512_O0xO,CDN1A_139_151,GRKRRQTS*MtDFY,GRKRRQTsMtDFY__
CMGC,CDK17,CDK17,20.39,300,-4.5338,299,Q00537,CDK17,CDN1A_139_151_S8_0b512_O0xO,CDN1A_139_151,GRKRRQTS*MtDFY,GRKRRQTsMtDFY__
CMGC,CDK13,CDK13,19.89,301,-2.58,261,Q14004,CDK13,CDN1A_139_151_S8_0b512_O0xO,CDN1A_139_151,GRKRRQTS*MtDFY,GRKRRQTsMtDFY__
Other,NEK6,NEK6,19.45,302,-3.7664,285,Q9HC98,NEK6,CDN1A_139_151_S8_0b512_O0xO,CDN1A_139_151,GRKRRQTS*MtDFY,GRKRRQTsMtDFY__
Other,PINK1,PINK1,19.32,303,-3.1449,273,Q9BXM7,PINK1,CDN1A_139_151_S8_0b512_O0xO,CDN1A_139_151,GRKRRQTS*MtDFY,GRKRRQTsMtDFY__
CMGC,MAPK13,P38D,16.59,304,-4.3131,296,O15264,P38D,CDN1A_139_151_S8_0b512_O0xO,CDN1A_139_151,GRKRRQTS*MtDFY,GRKRRQTsMtDFY__
CMGC,CDK19,CDK19,13.83,305,-4.9363,302,Q9BWU1,CDK19,CDN1A_139_151_S8_0b512_O0xO,CDN1A_139_151,GRKRRQTS*MtDFY,GRKRRQTsMtDFY__
Alpha,TRPM6,CHAK2,13.2,306,-3.748,284,Q9BX84,TRPM6,CDN1A_139_151_S8_0b512_O0xO,CDN1A_139_151,GRKRRQTS*MtDFY,GRKRRQTsMtDFY__
CMGC,CDK5,CDK5,11.58,307,-5.7155,309,Q00535,CDK5,CDN1A_139_151_S8_0b512_O0xO,CDN1A_139_151,GRKRRQTS*MtDFY,GRKRRQTsMtDFY__
Other,UHMK1,KIS,9.88,308,-5.1945,305,Q8TAS1,KIS,CDN1A_139_151_S8_0b512_O0xO,CDN1A_139_151,GRKRRQTS*MtDFY,GRKRRQTsMtDFY__
CMGC,CDK8,CDK8,8.75,309,-4.4774,297,P49336,CDK8,CDN1A_139_151_S8_0b512_O0xO,CDN1A_139_151,GRKRRQTS*MtDFY,GRKRRQTsMtDFY__
Other,STK16,MPSK1,7.89,310,-5.3941,306,O75716,MPSK1,CDN1A_139_151_S8_0b512_O0xO,CDN1A_139_151,GRKRRQTS*MtDFY,GRKRRQTsMtDFY__
CMGC,PRPF4B,PRP4,3.19,311,-4.2729,295,Q13523,PRP4,CDN1A_139_151_S8_0b512_O0xO,CDN1A_139_151,GRKRRQTS*MtDFY,GRKRRQTsMtDFY__
