family,geneName,name,percentile,percentileRank,score,scoreRank,uniprotId,displayName,id,peptide_id,sequence,processed_sequence
CAMK,STK33,STK33,99.81,1,3.3458,2,Q9BYT3,STK33,RBL2_655_667_S5_0b128_O0xO,RBL2_655_667,GLGRS*ITsPTTLY,___GLGRsITsPTTL
AGC,STK32B,YANK2,99.68,2,2.5497,3,Q9NY57,YANK2,RBL2_655_667_S5_0b128_O0xO,RBL2_655_667,GLGRS*ITsPTTLY,___GLGRsITsPTTL
Other,ULK1,ULK1,99.63,3,1.9775,7,O75385,ULK1,RBL2_655_667_S5_0b128_O0xO,RBL2_655_667,GLGRS*ITsPTTLY,___GLGRsITsPTTL
AGC,STK32C,YANK3,99.63,3,3.6098,1,Q86UX6,YANK3,RBL2_655_667_S5_0b128_O0xO,RBL2_655_667,GLGRS*ITsPTTLY,___GLGRsITsPTTL
Other,ULK2,ULK2,99.57,5,2.0311,6,Q8IYT8,ULK2,RBL2_655_667_S5_0b128_O0xO,RBL2_655_667,GLGRS*ITsPTTLY,___GLGRsITsPTTL
Other,NEK2,NEK2,98.92,6,2.3022,4,P51955,NEK2,RBL2_655_667_S5_0b128_O0xO,RBL2_655_667,GLGRS*ITsPTTLY,___GLGRsITsPTTL
TKL,RIPK4,ANKRD3,98.65,7,1.3668,16,P57078,ANKRD3,RBL2_655_667_S5_0b128_O0xO,RBL2_655_667,GLGRS*ITsPTTLY,___GLGRsITsPTTL
Other,ULK3,ULK3,98.64,8,2.0427,5,Q6PHR2,ULK3,RBL2_655_667_S5_0b128_O0xO,RBL2_655_667,GLGRS*ITsPTTLY,___GLGRsITsPTTL
Other,NEK11,NEK11,98.62,9,0.9125,29,Q8NG66,NEK11,RBL2_655_667_S5_0b128_O0xO,RBL2_655_667,GLGRS*ITsPTTLY,___GLGRsITsPTTL
Other,NEK7,NEK7,98.39,10,1.7862,10,Q8TDX7,NEK7,RBL2_655_667_S5_0b128_O0xO,RBL2_655_667,GLGRS*ITsPTTLY,___GLGRsITsPTTL
PDHK,PDK1,PDHK1,98.3,11,1.274,22,Q15118,PDHK1,RBL2_655_667_S5_0b128_O0xO,RBL2_655_667,GLGRS*ITsPTTLY,___GLGRsITsPTTL
Other,NEK4,NEK4,98.17,12,0.8529,31,P51957,NEK4,RBL2_655_667_S5_0b128_O0xO,RBL2_655_667,GLGRS*ITsPTTLY,___GLGRsITsPTTL
CK1,TTBK1,TTBK1,98.15,13,1.3132,21,Q5TCY1,TTBK1,RBL2_655_667_S5_0b128_O0xO,RBL2_655_667,GLGRS*ITsPTTLY,___GLGRsITsPTTL
Other,NEK9,NEK9,98.03,14,1.5415,13,Q8TD19,NEK9,RBL2_655_667_S5_0b128_O0xO,RBL2_655_667,GLGRS*ITsPTTLY,___GLGRsITsPTTL
CMGC,GSK3B,GSK3B,97.69,15,1.8777,9,P49841,GSK3B,RBL2_655_667_S5_0b128_O0xO,RBL2_655_667,GLGRS*ITsPTTLY,___GLGRsITsPTTL
TKL,MAP3K20,ZAK,97.53,16,0.9308,28,Q9NYL2,ZAK,RBL2_655_667_S5_0b128_O0xO,RBL2_655_667,GLGRS*ITsPTTLY,___GLGRsITsPTTL
CK1,TTBK2,TTBK2,97.47,17,1.3401,19,Q6IQ55,TTBK2,RBL2_655_667_S5_0b128_O0xO,RBL2_655_667,GLGRS*ITsPTTLY,___GLGRsITsPTTL
Other,NEK5,NEK5,97.37,18,0.8205,34,Q6P3R8,NEK5,RBL2_655_667_S5_0b128_O0xO,RBL2_655_667,GLGRS*ITsPTTLY,___GLGRsITsPTTL
Alpha,TRPM6,CHAK2,97.21,19,1.6789,11,Q9BX84,TRPM6,RBL2_655_667_S5_0b128_O0xO,RBL2_655_667,GLGRS*ITsPTTLY,___GLGRsITsPTTL
Other,PLK4,PLK4,96.91,20,0.825,33,O00444,PLK4,RBL2_655_667_S5_0b128_O0xO,RBL2_655_667,GLGRS*ITsPTTLY,___GLGRsITsPTTL
TKL,DSTYK,DSTYK,96.89,21,1.9328,8,Q6XUX3,DSTYK,RBL2_655_667_S5_0b128_O0xO,RBL2_655_667,GLGRS*ITsPTTLY,___GLGRsITsPTTL
Other,NEK3,NEK3,96.88,22,0.4606,48,P51956,NEK3,RBL2_655_667_S5_0b128_O0xO,RBL2_655_667,GLGRS*ITsPTTLY,___GLGRsITsPTTL
PDHK,PDK4,PDHK4,96.62,23,0.8198,35,Q16654,PDHK4,RBL2_655_667_S5_0b128_O0xO,RBL2_655_667,GLGRS*ITsPTTLY,___GLGRsITsPTTL
TKL,RIPK1,RIPK1,96.07,24,1.3938,15,Q13546,RIPK1,RBL2_655_667_S5_0b128_O0xO,RBL2_655_667,GLGRS*ITsPTTLY,___GLGRsITsPTTL
TKL,RIPK3,RIPK3,95.67,25,1.136,23,Q9Y572,RIPK3,RBL2_655_667_S5_0b128_O0xO,RBL2_655_667,GLGRS*ITsPTTLY,___GLGRsITsPTTL
Other,NEK6,NEK6,95.6,26,1.3596,18,Q9HC98,NEK6,RBL2_655_667_S5_0b128_O0xO,RBL2_655_667,GLGRS*ITsPTTLY,___GLGRsITsPTTL
Other,WNK1,WNK1,94.68,27,1.6687,12,Q9H4A3,WNK1,RBL2_655_667_S5_0b128_O0xO,RBL2_655_667,GLGRS*ITsPTTLY,___GLGRsITsPTTL
TKL,RIPK2,RIPK2,94.63,28,-0.3773,99,O43353,RIPK2,RBL2_655_667_S5_0b128_O0xO,RBL2_655_667,GLGRS*ITsPTTLY,___GLGRsITsPTTL
AGC,MASTL,MASTL,94.52,29,0.3738,51,Q96GX5,MASTL,RBL2_655_667_S5_0b128_O0xO,RBL2_655_667,GLGRS*ITsPTTLY,___GLGRsITsPTTL
CK1,CSNK1A1L,CK1A2,94.34,30,1.3344,20,Q8N752,CK1A2,RBL2_655_667_S5_0b128_O0xO,RBL2_655_667,GLGRS*ITsPTTLY,___GLGRsITsPTTL
Other,PLK1,PLK1,94.14,31,1.3661,17,P53350,PLK1,RBL2_655_667_S5_0b128_O0xO,RBL2_655_667,GLGRS*ITsPTTLY,___GLGRsITsPTTL
Other,TLK2,TLK2,93.89,32,1.1021,25,Q86UE8,TLK2,RBL2_655_667_S5_0b128_O0xO,RBL2_655_667,GLGRS*ITsPTTLY,___GLGRsITsPTTL
CK1,CSNK1G1,CK1G1,93.52,33,0.8814,30,Q9HCP0,CK1G1,RBL2_655_667_S5_0b128_O0xO,RBL2_655_667,GLGRS*ITsPTTLY,___GLGRsITsPTTL
Alpha,TRPM7,CHAK1,93.12,34,0.6828,40,Q96QT4,TRPM7,RBL2_655_667_S5_0b128_O0xO,RBL2_655_667,GLGRS*ITsPTTLY,___GLGRsITsPTTL
Other,IKBKE,IKKE,92.82,35,0.8439,32,Q14164,IKKE,RBL2_655_667_S5_0b128_O0xO,RBL2_655_667,GLGRS*ITsPTTLY,___GLGRsITsPTTL
Other,WNK4,WNK4,92.66,36,0.7488,36,Q96J92,WNK4,RBL2_655_667_S5_0b128_O0xO,RBL2_655_667,GLGRS*ITsPTTLY,___GLGRsITsPTTL
PDHK,BCKDK,BCKDK,92.4,37,0.189,60,O14874,BCKDK,RBL2_655_667_S5_0b128_O0xO,RBL2_655_667,GLGRS*ITsPTTLY,___GLGRsITsPTTL
TKL,BRAF,BRAF,92.28,38,-0.1529,83,P15056,BRAF,RBL2_655_667_S5_0b128_O0xO,RBL2_655_667,GLGRS*ITsPTTLY,___GLGRsITsPTTL
STE,MAP3K1,MEKK1,92.26,39,-0.1435,81,Q13233,MEKK1,RBL2_655_667_S5_0b128_O0xO,RBL2_655_667,GLGRS*ITsPTTLY,___GLGRsITsPTTL
Other,HASPIN,HASPIN,91.84,40,-0.4041,100,Q8TF76,HASPIN,RBL2_655_667_S5_0b128_O0xO,RBL2_655_667,GLGRS*ITsPTTLY,___GLGRsITsPTTL
STE,MAP3K3,MEKK3,91.75,41,-0.1394,80,Q99759,MEKK3,RBL2_655_667_S5_0b128_O0xO,RBL2_655_667,GLGRS*ITsPTTLY,___GLGRsITsPTTL
STE,MAP3K15,MAP3K15,91.63,42,-0.6154,114,Q6ZN16,ASK3,RBL2_655_667_S5_0b128_O0xO,RBL2_655_667,GLGRS*ITsPTTLY,___GLGRsITsPTTL
CAMK,CAMK2D,CAMK2D,91.62,43,1.45,14,Q13557,CAMK2D,RBL2_655_667_S5_0b128_O0xO,RBL2_655_667,GLGRS*ITsPTTLY,___GLGRsITsPTTL
Other,NEK1,NEK1,91.57,44,-0.6411,119,Q96PY6,NEK1,RBL2_655_667_S5_0b128_O0xO,RBL2_655_667,GLGRS*ITsPTTLY,___GLGRsITsPTTL
Other,WNK2,WNK2,91.36,45,1.1061,24,Q9Y3S1,WNK2,RBL2_655_667_S5_0b128_O0xO,RBL2_655_667,GLGRS*ITsPTTLY,___GLGRsITsPTTL
STE,MAP4K1,HPK1,91.32,46,-0.4166,101,Q92918,HPK1,RBL2_655_667_S5_0b128_O0xO,RBL2_655_667,GLGRS*ITsPTTLY,___GLGRsITsPTTL
STE,MAP3K19,YSK4,91.05,47,0.0036,74,Q56UN5,YSK4,RBL2_655_667_S5_0b128_O0xO,RBL2_655_667,GLGRS*ITsPTTLY,___GLGRsITsPTTL
STE,MAP2K2,MEK2,91.01,48,-1.5974,186,P36507,MEK2,RBL2_655_667_S5_0b128_O0xO,RBL2_655_667,GLGRS*ITsPTTLY,___GLGRsITsPTTL
TKL,IRAK1,IRAK1,90.81,49,-0.2713,92,P51617,IRAK1,RBL2_655_667_S5_0b128_O0xO,RBL2_655_667,GLGRS*ITsPTTLY,___GLGRsITsPTTL
STE,STK24,MST3,90.68,50,0.0867,67,Q9Y6E0,MST3,RBL2_655_667_S5_0b128_O0xO,RBL2_655_667,GLGRS*ITsPTTLY,___GLGRsITsPTTL
STE,MAP2K5,MEK5,90.34,51,-0.7008,127,Q13163,MEK5,RBL2_655_667_S5_0b128_O0xO,RBL2_655_667,GLGRS*ITsPTTLY,___GLGRsITsPTTL
TKL,RAF1,RAF1,90.33,52,0.6813,41,P04049,RAF1,RBL2_655_667_S5_0b128_O0xO,RBL2_655_667,GLGRS*ITsPTTLY,___GLGRsITsPTTL
AGC,PRKCA,PKCA,90.1,53,0.7191,39,P17252,PKCA,RBL2_655_667_S5_0b128_O0xO,RBL2_655_667,GLGRS*ITsPTTLY,___GLGRsITsPTTL
AGC,PRKCG,PKCG,89.89,54,0.5302,47,P05129,PKCG,RBL2_655_667_S5_0b128_O0xO,RBL2_655_667,GLGRS*ITsPTTLY,___GLGRsITsPTTL
Other,NEK8,NEK8,89.62,55,-0.636,118,Q86SG6,NEK8,RBL2_655_667_S5_0b128_O0xO,RBL2_655_667,GLGRS*ITsPTTLY,___GLGRsITsPTTL
Other,CAMKK1,CAMKK1,89.02,56,-0.8568,135,Q8N5S9,CAMKK1,RBL2_655_667_S5_0b128_O0xO,RBL2_655_667,GLGRS*ITsPTTLY,___GLGRsITsPTTL
STE,STK25,YSK1,88.81,57,-1.236,166,O00506,YSK1,RBL2_655_667_S5_0b128_O0xO,RBL2_655_667,GLGRS*ITsPTTLY,___GLGRsITsPTTL
STE,PAK4,PAK4,88.45,58,-0.3046,94,O96013,PAK4,RBL2_655_667_S5_0b128_O0xO,RBL2_655_667,GLGRS*ITsPTTLY,___GLGRsITsPTTL
STE,MAP3K6,MEKK6,87.87,59,-1.8377,209,O95382,ASK2,RBL2_655_667_S5_0b128_O0xO,RBL2_655_667,GLGRS*ITsPTTLY,___GLGRsITsPTTL
STE,MAP3K2,MEKK2,87.57,60,-0.6137,113,Q9Y2U5,MEKK2,RBL2_655_667_S5_0b128_O0xO,RBL2_655_667,GLGRS*ITsPTTLY,___GLGRsITsPTTL
STE,MINK1,MINK,87.53,61,-1.2422,167,Q8N4C8,MINK,RBL2_655_667_S5_0b128_O0xO,RBL2_655_667,GLGRS*ITsPTTLY,___GLGRsITsPTTL
CAMK,MKNK2,MNK2,87.48,62,0.7424,37,Q9HBH9,MNK2,RBL2_655_667_S5_0b128_O0xO,RBL2_655_667,GLGRS*ITsPTTLY,___GLGRsITsPTTL
TKL,MAP3K12,DLK,87.28,63,0.0976,65,Q12852,DLK,RBL2_655_667_S5_0b128_O0xO,RBL2_655_667,GLGRS*ITsPTTLY,___GLGRsITsPTTL
CK1,CSNK1G2,CK1G2,87.25,64,0.2975,53,P78368,CK1G2,RBL2_655_667_S5_0b128_O0xO,RBL2_655_667,GLGRS*ITsPTTLY,___GLGRsITsPTTL
STE,STK39,STLK3,87.21,65,-2.983,271,Q9UEW8,STLK3,RBL2_655_667_S5_0b128_O0xO,RBL2_655_667,GLGRS*ITsPTTLY,___GLGRsITsPTTL
Other,TBK1,TBK1,87.2,66,0.258,55,Q9UHD2,TBK1,RBL2_655_667_S5_0b128_O0xO,RBL2_655_667,GLGRS*ITsPTTLY,___GLGRsITsPTTL
STE,PAK6,PAK6,87.18,67,0.1269,62,Q9NQU5,PAK6,RBL2_655_667_S5_0b128_O0xO,RBL2_655_667,GLGRS*ITsPTTLY,___GLGRsITsPTTL
AGC,GRK4,GRK4,86.89,68,0.73,38,P32298,GRK4,RBL2_655_667_S5_0b128_O0xO,RBL2_655_667,GLGRS*ITsPTTLY,___GLGRsITsPTTL
AGC,PRKCH,PKCH,86.87,69,-0.0201,75,P24723,PKCH,RBL2_655_667_S5_0b128_O0xO,RBL2_655_667,GLGRS*ITsPTTLY,___GLGRsITsPTTL
AGC,PDPK1,PDK1,86.67,70,-0.6257,116,O15530,PDK1,RBL2_655_667_S5_0b128_O0xO,RBL2_655_667,GLGRS*ITsPTTLY,___GLGRsITsPTTL
PIKK,SMG1,SMG1,86.64,71,-0.2088,88,Q96Q15,SMG1,RBL2_655_667_S5_0b128_O0xO,RBL2_655_667,GLGRS*ITsPTTLY,___GLGRsITsPTTL
CK1,CSNK1G3,CK1G3,86.38,72,0.2166,59,Q9Y6M4,CK1G3,RBL2_655_667_S5_0b128_O0xO,RBL2_655_667,GLGRS*ITsPTTLY,___GLGRsITsPTTL
STE,MAP4K3,KHS2,86.35,73,-1.0076,147,Q8IVH8,KHS2,RBL2_655_667_S5_0b128_O0xO,RBL2_655_667,GLGRS*ITsPTTLY,___GLGRsITsPTTL
CAMK,STK17A,DRAK1,86.26,74,-0.1207,79,Q9UEE5,DRAK1,RBL2_655_667_S5_0b128_O0xO,RBL2_655_667,GLGRS*ITsPTTLY,___GLGRsITsPTTL
STE,MAP4K2,GCK,86.22,75,-0.9045,141,Q12851,GCK,RBL2_655_667_S5_0b128_O0xO,RBL2_655_667,GLGRS*ITsPTTLY,___GLGRsITsPTTL
AGC,PKN2,PKN2,86.12,76,0.2891,54,Q16513,PKN2,RBL2_655_667_S5_0b128_O0xO,RBL2_655_667,GLGRS*ITsPTTLY,___GLGRsITsPTTL
AGC,PRKCZ,PKCZ,85.98,77,0.2461,57,Q05513,PKCZ,RBL2_655_667_S5_0b128_O0xO,RBL2_655_667,GLGRS*ITsPTTLY,___GLGRsITsPTTL
TKL,MAP3K21,MLK4,85.78,78,-0.6275,117,Q5TCX8,MLK4,RBL2_655_667_S5_0b128_O0xO,RBL2_655_667,GLGRS*ITsPTTLY,___GLGRsITsPTTL
STE,MAP4K5,KHS1,85.77,79,-1.0147,148,Q9Y4K4,KHS1,RBL2_655_667_S5_0b128_O0xO,RBL2_655_667,GLGRS*ITsPTTLY,___GLGRsITsPTTL
CK1,CSNK1E,CK1E,85.64,80,0.4235,49,P49674,CK1E,RBL2_655_667_S5_0b128_O0xO,RBL2_655_667,GLGRS*ITsPTTLY,___GLGRsITsPTTL
TKL,IRAK4,IRAK4,85.53,81,-0.1133,78,Q9NWZ3,IRAK4,RBL2_655_667_S5_0b128_O0xO,RBL2_655_667,GLGRS*ITsPTTLY,___GLGRsITsPTTL
AGC,PRKCI,PKCI,85.52,82,-0.3445,96,P41743,PKCI,RBL2_655_667_S5_0b128_O0xO,RBL2_655_667,GLGRS*ITsPTTLY,___GLGRsITsPTTL
CK1,CSNK1A1,CK1A,85.33,83,0.1268,63,P48729,CK1A,RBL2_655_667_S5_0b128_O0xO,RBL2_655_667,GLGRS*ITsPTTLY,___GLGRsITsPTTL
Other,CAMKK2,CAMKK2,84.83,84,-1.7848,204,Q96RR4,CAMKK2,RBL2_655_667_S5_0b128_O0xO,RBL2_655_667,GLGRS*ITsPTTLY,___GLGRsITsPTTL
STE,MAP2K1,MEK1,84.56,85,-0.782,131,Q02750,MEK1,RBL2_655_667_S5_0b128_O0xO,RBL2_655_667,GLGRS*ITsPTTLY,___GLGRsITsPTTL
STE,MAP3K5,ASK1,84.55,86,-2.2914,240,Q99683,ASK1,RBL2_655_667_S5_0b128_O0xO,RBL2_655_667,GLGRS*ITsPTTLY,___GLGRsITsPTTL
CAMK,CAMK2G,CAMK2G,84.46,87,0.5626,45,Q13555,CAMK2G,RBL2_655_667_S5_0b128_O0xO,RBL2_655_667,GLGRS*ITsPTTLY,___GLGRsITsPTTL
STE,PAK5,PAK5,84.44,88,-0.8436,134,Q9P286,PAK5,RBL2_655_667_S5_0b128_O0xO,RBL2_655_667,GLGRS*ITsPTTLY,___GLGRsITsPTTL
STE,MAP3K8,COT,84.38,89,0.9911,27,P41279,COT,RBL2_655_667_S5_0b128_O0xO,RBL2_655_667,GLGRS*ITsPTTLY,___GLGRsITsPTTL
Other,WNK3,WNK3,84.19,90,0.014,72,Q9BYP7,WNK3,RBL2_655_667_S5_0b128_O0xO,RBL2_655_667,GLGRS*ITsPTTLY,___GLGRsITsPTTL
AGC,PRKCB,PKCB,84.1,91,-0.2103,89,P05771,PKCB,RBL2_655_667_S5_0b128_O0xO,RBL2_655_667,GLGRS*ITsPTTLY,___GLGRsITsPTTL
TKL,MAP3K7,TAK1,84.09,92,-1.85,211,O43318,TAK1,RBL2_655_667_S5_0b128_O0xO,RBL2_655_667,GLGRS*ITsPTTLY,___GLGRsITsPTTL
AGC,SGK3,SGK3,84.01,93,0.3989,50,Q96BR1,SGK3,RBL2_655_667_S5_0b128_O0xO,RBL2_655_667,GLGRS*ITsPTTLY,___GLGRsITsPTTL
Other,PLK3,PLK3,84.01,93,0.2515,56,Q9H4B4,PLK3,RBL2_655_667_S5_0b128_O0xO,RBL2_655_667,GLGRS*ITsPTTLY,___GLGRsITsPTTL
AGC,RPS6KA5,MSK1,83.94,95,0.3297,52,O75582,MSK1,RBL2_655_667_S5_0b128_O0xO,RBL2_655_667,GLGRS*ITsPTTLY,___GLGRsITsPTTL
AGC,PRKCQ,PKCT,83.73,96,-0.488,104,Q04759,PKCT,RBL2_655_667_S5_0b128_O0xO,RBL2_655_667,GLGRS*ITsPTTLY,___GLGRsITsPTTL
AGC,RPS6KA1,P90RSK,83.67,97,0.5786,44,Q15418,RSK1,RBL2_655_667_S5_0b128_O0xO,RBL2_655_667,GLGRS*ITsPTTLY,___GLGRsITsPTTL
AGC,PRKCD,PKCD,83.5,98,0.1782,61,Q05655,PKCD,RBL2_655_667_S5_0b128_O0xO,RBL2_655_667,GLGRS*ITsPTTLY,___GLGRsITsPTTL
AGC,RPS6KA3,RSK2,83.1,99,0.6314,43,P51812,RSK2,RBL2_655_667_S5_0b128_O0xO,RBL2_655_667,GLGRS*ITsPTTLY,___GLGRsITsPTTL
STE,STK4,MST1,83.06,100,-1.1655,159,Q13043,MST1,RBL2_655_667_S5_0b128_O0xO,RBL2_655_667,GLGRS*ITsPTTLY,___GLGRsITsPTTL
CK1,CSNK1D,CK1D,83.03,101,0.1177,64,P48730,CK1D,RBL2_655_667_S5_0b128_O0xO,RBL2_655_667,GLGRS*ITsPTTLY,___GLGRsITsPTTL
CAMK,MAPKAPK5,MAPKAPK5,82.78,102,-0.5915,112,Q8IW41,MAPKAPK5,RBL2_655_667_S5_0b128_O0xO,RBL2_655_667,GLGRS*ITsPTTLY,___GLGRsITsPTTL
AGC,GRK6,GRK6,82.73,103,0.6654,42,P43250,GRK6,RBL2_655_667_S5_0b128_O0xO,RBL2_655_667,GLGRS*ITsPTTLY,___GLGRsITsPTTL
Other,CHUK,IKKA,82.52,104,-0.1526,82,O15111,IKKA,RBL2_655_667_S5_0b128_O0xO,RBL2_655_667,GLGRS*ITsPTTLY,___GLGRsITsPTTL
Other,IKBKB,IKKB,82.4,105,0.241,58,O14920,IKKB,RBL2_655_667_S5_0b128_O0xO,RBL2_655_667,GLGRS*ITsPTTLY,___GLGRsITsPTTL
CAMK,DCLK2,DCAMKL2,82.29,106,-0.2267,90,Q8N568,DCAMKL2,RBL2_655_667_S5_0b128_O0xO,RBL2_655_667,GLGRS*ITsPTTLY,___GLGRsITsPTTL
Other,AURKB,AURB,82.21,107,-0.645,120,Q96GD4,AURB,RBL2_655_667_S5_0b128_O0xO,RBL2_655_667,GLGRS*ITsPTTLY,___GLGRsITsPTTL
STE,MAP4K4,HGK,82.07,108,-1.4601,177,O95819,HGK,RBL2_655_667_S5_0b128_O0xO,RBL2_655_667,GLGRS*ITsPTTLY,___GLGRsITsPTTL
Other,PLK2,PLK2,81.86,109,-0.1974,87,Q9NYY3,PLK2,RBL2_655_667_S5_0b128_O0xO,RBL2_655_667,GLGRS*ITsPTTLY,___GLGRsITsPTTL
AGC,RPS6KA6,RSK4,81.7,110,0.0912,66,Q9UK32,RSK4,RBL2_655_667_S5_0b128_O0xO,RBL2_655_667,GLGRS*ITsPTTLY,___GLGRsITsPTTL
STE,PAK3,PAK3,81.6,111,-0.2803,93,O75914,PAK3,RBL2_655_667_S5_0b128_O0xO,RBL2_655_667,GLGRS*ITsPTTLY,___GLGRsITsPTTL
Other,AURKC,AURC,81.28,112,-0.5242,105,Q9UQB9,AURC,RBL2_655_667_S5_0b128_O0xO,RBL2_655_667,GLGRS*ITsPTTLY,___GLGRsITsPTTL
CAMK,STK11,LKB1,81.22,113,-1.0661,151,Q15831,LKB1,RBL2_655_667_S5_0b128_O0xO,RBL2_655_667,GLGRS*ITsPTTLY,___GLGRsITsPTTL
STE,MYO3B,MYO3B,80.78,114,-2.4136,247,Q8WXR4,MYO3B,RBL2_655_667_S5_0b128_O0xO,RBL2_655_667,GLGRS*ITsPTTLY,___GLGRsITsPTTL
CAMK,MKNK1,MNK1,80.51,115,-0.5315,106,Q9BUB5,MNK1,RBL2_655_667_S5_0b128_O0xO,RBL2_655_667,GLGRS*ITsPTTLY,___GLGRsITsPTTL
AGC,RPS6KA2,RSK3,80.46,116,-0.0885,76,Q15349,RSK3,RBL2_655_667_S5_0b128_O0xO,RBL2_655_667,GLGRS*ITsPTTLY,___GLGRsITsPTTL
AGC,PRKCE,PKCE,80.45,117,-0.9604,145,Q02156,PKCE,RBL2_655_667_S5_0b128_O0xO,RBL2_655_667,GLGRS*ITsPTTLY,___GLGRsITsPTTL
PIKK,ATR,ATR,80.37,118,0.058,69,Q13535,ATR,RBL2_655_667_S5_0b128_O0xO,RBL2_655_667,GLGRS*ITsPTTLY,___GLGRsITsPTTL
Other,TLK1,TLK1,80.14,119,-0.8725,138,Q9UKI8,TLK1,RBL2_655_667_S5_0b128_O0xO,RBL2_655_667,GLGRS*ITsPTTLY,___GLGRsITsPTTL
PIKK,PRKDC,DNAPK,80.08,120,-0.1876,85,P78527,DNAPK,RBL2_655_667_S5_0b128_O0xO,RBL2_655_667,GLGRS*ITsPTTLY,___GLGRsITsPTTL
STE,PAK1,PAK1,79.98,121,-0.3336,95,Q13153,PAK1,RBL2_655_667_S5_0b128_O0xO,RBL2_655_667,GLGRS*ITsPTTLY,___GLGRsITsPTTL
Other,EIF2AK4,GCN2,79.63,122,-0.7325,129,Q9P2K8,GCN2,RBL2_655_667_S5_0b128_O0xO,RBL2_655_667,GLGRS*ITsPTTLY,___GLGRsITsPTTL
STE,OXSR1,OSR1,78.62,123,-2.3802,245,O95747,OSR1,RBL2_655_667_S5_0b128_O0xO,RBL2_655_667,GLGRS*ITsPTTLY,___GLGRsITsPTTL
Alpha,EEF2K,EEF2K,78.56,124,-1.8656,214,O00418,EEF2K,RBL2_655_667_S5_0b128_O0xO,RBL2_655_667,GLGRS*ITsPTTLY,___GLGRsITsPTTL
AGC,GRK7,GRK7,78.16,125,-0.8855,140,Q8WTQ7,GRK7,RBL2_655_667_S5_0b128_O0xO,RBL2_655_667,GLGRS*ITsPTTLY,___GLGRsITsPTTL
STE,STK26,MST4,77.86,126,-0.4381,103,Q9P289,MST4,RBL2_655_667_S5_0b128_O0xO,RBL2_655_667,GLGRS*ITsPTTLY,___GLGRsITsPTTL
AGC,PKN1,PKN1,77.68,127,-1.5951,185,Q16512,PKN1,RBL2_655_667_S5_0b128_O0xO,RBL2_655_667,GLGRS*ITsPTTLY,___GLGRsITsPTTL
TKL,MAP3K9,MLK1,77.66,128,-0.591,111,P80192,MLK1,RBL2_655_667_S5_0b128_O0xO,RBL2_655_667,GLGRS*ITsPTTLY,___GLGRsITsPTTL
STE,TNIK,TNIK,77.65,129,-1.6826,194,Q9UKE5,TNIK,RBL2_655_667_S5_0b128_O0xO,RBL2_655_667,GLGRS*ITsPTTLY,___GLGRsITsPTTL
AGC,PRKACG,PKACG,77.35,130,-0.6463,121,P22612,PKACG,RBL2_655_667_S5_0b128_O0xO,RBL2_655_667,GLGRS*ITsPTTLY,___GLGRsITsPTTL
PIKK,MTOR,MTOR,77.28,131,0.5516,46,P42345,MTOR,RBL2_655_667_S5_0b128_O0xO,RBL2_655_667,GLGRS*ITsPTTLY,___GLGRsITsPTTL
STE,STK10,LOK,76.99,132,-1.6622,192,O94804,LOK,RBL2_655_667_S5_0b128_O0xO,RBL2_655_667,GLGRS*ITsPTTLY,___GLGRsITsPTTL
AGC,RPS6KA4,MSK2,76.36,133,-0.9254,142,O75676,MSK2,RBL2_655_667_S5_0b128_O0xO,RBL2_655_667,GLGRS*ITsPTTLY,___GLGRsITsPTTL
AGC,PRKACB,PKACB,76.22,134,-0.9944,146,P22694,PKACB,RBL2_655_667_S5_0b128_O0xO,RBL2_655_667,GLGRS*ITsPTTLY,___GLGRsITsPTTL
CAMK,MYLK2,SKMLCK,76.21,135,-1.1068,156,Q9H1R3,skMLCK,RBL2_655_667_S5_0b128_O0xO,RBL2_655_667,GLGRS*ITsPTTLY,___GLGRsITsPTTL
AGC,LATS2,LATS2,75.87,136,-0.5765,109,Q9NRM7,LATS2,RBL2_655_667_S5_0b128_O0xO,RBL2_655_667,GLGRS*ITsPTTLY,___GLGRsITsPTTL
AGC,PRKG2,PKG2,75.86,137,-1.2219,165,Q13237,PKG2,RBL2_655_667_S5_0b128_O0xO,RBL2_655_667,GLGRS*ITsPTTLY,___GLGRsITsPTTL
TKL,TGFBR2,TGFBR2,75.81,138,-0.8583,136,P37173,TGFBR2,RBL2_655_667_S5_0b128_O0xO,RBL2_655_667,GLGRS*ITsPTTLY,___GLGRsITsPTTL
TKL,LRRK2,LRRK2,75.8,139,-1.8755,216,Q5S007,LRRK2,RBL2_655_667_S5_0b128_O0xO,RBL2_655_667,GLGRS*ITsPTTLY,___GLGRsITsPTTL
AGC,AKT3,AKT3,75.56,140,-1.7532,198,Q9Y243,AKT3,RBL2_655_667_S5_0b128_O0xO,RBL2_655_667,GLGRS*ITsPTTLY,___GLGRsITsPTTL
AGC,AKT1,AKT1,75.56,140,-1.1829,161,P31749,AKT1,RBL2_655_667_S5_0b128_O0xO,RBL2_655_667,GLGRS*ITsPTTLY,___GLGRsITsPTTL
TKL,ACVR1B,ALK4,75.43,142,-0.4225,102,P36896,ALK4,RBL2_655_667_S5_0b128_O0xO,RBL2_655_667,GLGRS*ITsPTTLY,___GLGRsITsPTTL
Other,EIF2AK3,PERK,75.42,143,-1.2632,170,Q9NZJ5,PERK,RBL2_655_667_S5_0b128_O0xO,RBL2_655_667,GLGRS*ITsPTTLY,___GLGRsITsPTTL
CAMK,PHKG1,PHKG1,75.02,144,-1.251,168,Q16816,PHKG1,RBL2_655_667_S5_0b128_O0xO,RBL2_655_667,GLGRS*ITsPTTLY,___GLGRsITsPTTL
CAMK,CAMK2B,CAMK2B,74.94,145,0.0448,70,Q13554,CAMK2B,RBL2_655_667_S5_0b128_O0xO,RBL2_655_667,GLGRS*ITsPTTLY,___GLGRsITsPTTL
AGC,GRK5,GRK5,74.57,146,-0.1105,77,P34947,GRK5,RBL2_655_667_S5_0b128_O0xO,RBL2_655_667,GLGRS*ITsPTTLY,___GLGRsITsPTTL
STE,TAOK3,TAO3,74.42,147,-1.0531,150,Q9H2K8,TAO3,RBL2_655_667_S5_0b128_O0xO,RBL2_655_667,GLGRS*ITsPTTLY,___GLGRsITsPTTL
CAMK,CAMK2A,CAMK2A,74,148,0.0784,68,Q9UQM7,CAMK2A,RBL2_655_667_S5_0b128_O0xO,RBL2_655_667,GLGRS*ITsPTTLY,___GLGRsITsPTTL
STE,MAP3K14,NIK,73.61,149,0.0164,71,Q99558,NIK,RBL2_655_667_S5_0b128_O0xO,RBL2_655_667,GLGRS*ITsPTTLY,___GLGRsITsPTTL
AGC,STK38,NDR1,73.1,150,-0.7602,130,Q15208,NDR1,RBL2_655_667_S5_0b128_O0xO,RBL2_655_667,GLGRS*ITsPTTLY,___GLGRsITsPTTL
STE,PAK2,PAK2,72.91,151,-1.2856,171,Q13177,PAK2,RBL2_655_667_S5_0b128_O0xO,RBL2_655_667,GLGRS*ITsPTTLY,___GLGRsITsPTTL
CK1,VRK1,VRK1,72.83,152,-2.7037,262,Q99986,VRK1,RBL2_655_667_S5_0b128_O0xO,RBL2_655_667,GLGRS*ITsPTTLY,___GLGRsITsPTTL
AGC,LATS1,LATS1,72.72,153,0.0046,73,O95835,LATS1,RBL2_655_667_S5_0b128_O0xO,RBL2_655_667,GLGRS*ITsPTTLY,___GLGRsITsPTTL
AGC,GRK1,GRK1,72.62,154,-0.1959,86,Q15835,GRK1,RBL2_655_667_S5_0b128_O0xO,RBL2_655_667,GLGRS*ITsPTTLY,___GLGRsITsPTTL
TKL,MAP3K10,MLK2,72.51,155,-0.6496,122,Q02779,MLK2,RBL2_655_667_S5_0b128_O0xO,RBL2_655_667,GLGRS*ITsPTTLY,___GLGRsITsPTTL
TKL,MAP3K11,MLK3,72.51,155,-1.1045,153,Q16584,MLK3,RBL2_655_667_S5_0b128_O0xO,RBL2_655_667,GLGRS*ITsPTTLY,___GLGRsITsPTTL
AGC,AKT2,AKT2,72.49,157,-1.1358,158,P31751,AKT2,RBL2_655_667_S5_0b128_O0xO,RBL2_655_667,GLGRS*ITsPTTLY,___GLGRsITsPTTL
CAMK,NIM1K,NIM1,72.44,158,-1.0871,152,Q8IY84,NIM1,RBL2_655_667_S5_0b128_O0xO,RBL2_655_667,GLGRS*ITsPTTLY,___GLGRsITsPTTL
AGC,PRKG1,PKG1,71.96,159,-3.3145,285,Q13976,PKG1,RBL2_655_667_S5_0b128_O0xO,RBL2_655_667,GLGRS*ITsPTTLY,___GLGRsITsPTTL
Other,ERN1,IRE1,71.72,160,-1.2554,169,O75460,IRE1,RBL2_655_667_S5_0b128_O0xO,RBL2_655_667,GLGRS*ITsPTTLY,___GLGRsITsPTTL
AGC,RPS6KB2,P70S6KB,71.69,161,-0.5906,110,Q9UBS0,S6K2,RBL2_655_667_S5_0b128_O0xO,RBL2_655_667,GLGRS*ITsPTTLY,___GLGRsITsPTTL
CK1,VRK2,VRK2,71.18,162,-1.7833,202,Q86Y07,VRK2,RBL2_655_667_S5_0b128_O0xO,RBL2_655_667,GLGRS*ITsPTTLY,___GLGRsITsPTTL
AGC,CDC42BPB,MRCKB,71,163,-1.9941,227,Q9Y5S2,MRCKB,RBL2_655_667_S5_0b128_O0xO,RBL2_655_667,GLGRS*ITsPTTLY,___GLGRsITsPTTL
AGC,SGK1,SGK1,70.97,164,-1.5491,183,O00141,SGK1,RBL2_655_667_S5_0b128_O0xO,RBL2_655_667,GLGRS*ITsPTTLY,___GLGRsITsPTTL
Other,AURKA,AURA,69.91,165,-1.9789,224,O14965,AURA,RBL2_655_667_S5_0b128_O0xO,RBL2_655_667,GLGRS*ITsPTTLY,___GLGRsITsPTTL
CAMK,PHKG2,PHKG2,69.88,166,-2.6225,258,P15735,PHKG2,RBL2_655_667_S5_0b128_O0xO,RBL2_655_667,GLGRS*ITsPTTLY,___GLGRsITsPTTL
AGC,PRKACA,PKACA,69.85,167,-2.3615,244,P17612,PKACA,RBL2_655_667_S5_0b128_O0xO,RBL2_655_667,GLGRS*ITsPTTLY,___GLGRsITsPTTL
CAMK,MYLK,SMMLCK,69.69,168,-1.6591,191,Q15746,smMLCK,RBL2_655_667_S5_0b128_O0xO,RBL2_655_667,GLGRS*ITsPTTLY,___GLGRsITsPTTL
CAMK,SNRK,SNRK,69.57,169,-2.4462,248,Q9NRH2,SNRK,RBL2_655_667_S5_0b128_O0xO,RBL2_655_667,GLGRS*ITsPTTLY,___GLGRsITsPTTL
STE,SLK,SLK,69.46,170,-2.3429,243,Q9H2G2,SLK,RBL2_655_667_S5_0b128_O0xO,RBL2_655_667,GLGRS*ITsPTTLY,___GLGRsITsPTTL
AGC,ROCK2,ROCK2,69.38,171,-2.1513,233,O75116,ROCK2,RBL2_655_667_S5_0b128_O0xO,RBL2_655_667,GLGRS*ITsPTTLY,___GLGRsITsPTTL
CAMK,MARK3,MARK3,69.31,172,-1.9807,225,P27448,MARK3,RBL2_655_667_S5_0b128_O0xO,RBL2_655_667,GLGRS*ITsPTTLY,___GLGRsITsPTTL
STE,TAOK1,TAO1,68.99,173,-3.168,279,Q7L7X3,TAO1,RBL2_655_667_S5_0b128_O0xO,RBL2_655_667,GLGRS*ITsPTTLY,___GLGRsITsPTTL
STE,STK3,MST2,68.98,174,-2.5373,252,Q13188,MST2,RBL2_655_667_S5_0b128_O0xO,RBL2_655_667,GLGRS*ITsPTTLY,___GLGRsITsPTTL
Other,EIF2AK1,HRI,67.79,175,-1.5234,181,Q9BQI3,HRI,RBL2_655_667_S5_0b128_O0xO,RBL2_655_667,GLGRS*ITsPTTLY,___GLGRsITsPTTL
TKL,TGFBR1,TGFBR1,67.41,176,-0.5402,107,P36897,TGFBR1,RBL2_655_667_S5_0b128_O0xO,RBL2_655_667,GLGRS*ITsPTTLY,___GLGRsITsPTTL
CAMK,CAMK4,CAMK4,67.07,177,-1.7049,197,Q16566,CAMK4,RBL2_655_667_S5_0b128_O0xO,RBL2_655_667,GLGRS*ITsPTTLY,___GLGRsITsPTTL
STE,MYO3A,MYO3A,66.91,178,-3.7547,298,Q8NEV4,MYO3A,RBL2_655_667_S5_0b128_O0xO,RBL2_655_667,GLGRS*ITsPTTLY,___GLGRsITsPTTL
CAMK,MYLK4,MYLK4,66.9,179,-1.8648,213,Q86YV6,MYLK4,RBL2_655_667_S5_0b128_O0xO,RBL2_655_667,GLGRS*ITsPTTLY,___GLGRsITsPTTL
CAMK,DAPK1,DAPK1,66.8,180,-2.1225,232,P53355,DAPK1,RBL2_655_667_S5_0b128_O0xO,RBL2_655_667,GLGRS*ITsPTTLY,___GLGRsITsPTTL
CAMK,MARK4,MARK4,66.65,181,-1.2152,164,Q96L34,MARK4,RBL2_655_667_S5_0b128_O0xO,RBL2_655_667,GLGRS*ITsPTTLY,___GLGRsITsPTTL
CMGC,CLK1,CLK1,66.42,182,-0.3756,98,P49759,CLK1,RBL2_655_667_S5_0b128_O0xO,RBL2_655_667,GLGRS*ITsPTTLY,___GLGRsITsPTTL
CAMK,PRKD2,PRKD2,66.35,183,-1.1924,162,Q9BZL6,PKD2,RBL2_655_667_S5_0b128_O0xO,RBL2_655_667,GLGRS*ITsPTTLY,___GLGRsITsPTTL
CAMK,SIK3,QSK,65.84,184,-1.8015,205,Q9Y2K2,QSK,RBL2_655_667_S5_0b128_O0xO,RBL2_655_667,GLGRS*ITsPTTLY,___GLGRsITsPTTL
AGC,PKN3,PKN3,65.51,185,-0.2328,91,Q6P5Z2,PKN3,RBL2_655_667_S5_0b128_O0xO,RBL2_655_667,GLGRS*ITsPTTLY,___GLGRsITsPTTL
CMGC,GSK3A,GSK3A,65.12,186,1.0034,26,P49840,GSK3A,RBL2_655_667_S5_0b128_O0xO,RBL2_655_667,GLGRS*ITsPTTLY,___GLGRsITsPTTL
CAMK,SIK2,QIK,64.92,187,-1.7833,202,Q9H0K1,QIK,RBL2_655_667_S5_0b128_O0xO,RBL2_655_667,GLGRS*ITsPTTLY,___GLGRsITsPTTL
AGC,DMPK,DMPK1,64.8,188,-3.0308,273,Q09013,DMPK1,RBL2_655_667_S5_0b128_O0xO,RBL2_655_667,GLGRS*ITsPTTLY,___GLGRsITsPTTL
AGC,CDC42BPA,MRCKA,64.66,189,-2.4912,249,Q5VT25,MRCKA,RBL2_655_667_S5_0b128_O0xO,RBL2_655_667,GLGRS*ITsPTTLY,___GLGRsITsPTTL
CAMK,CHEK2,CHK2,64.44,190,-2.565,255,O96017,CHK2,RBL2_655_667_S5_0b128_O0xO,RBL2_655_667,GLGRS*ITsPTTLY,___GLGRsITsPTTL
AGC,ROCK1,ROCK1,64.36,191,-3.2058,281,Q13464,ROCK1,RBL2_655_667_S5_0b128_O0xO,RBL2_655_667,GLGRS*ITsPTTLY,___GLGRsITsPTTL
Other,PINK1,PINK1,63.89,192,-0.8594,137,Q9BXM7,PINK1,RBL2_655_667_S5_0b128_O0xO,RBL2_655_667,GLGRS*ITsPTTLY,___GLGRsITsPTTL
CAMK,CAMK1G,CAMK1G,63.87,193,-2.2622,237,Q96NX5,CAMK1G,RBL2_655_667_S5_0b128_O0xO,RBL2_655_667,GLGRS*ITsPTTLY,___GLGRsITsPTTL
CAMK,MYLK3,CAMLCK,63.76,194,-0.6543,123,Q32MK0,caMLCK,RBL2_655_667_S5_0b128_O0xO,RBL2_655_667,GLGRS*ITsPTTLY,___GLGRsITsPTTL
CMGC,CDK12,CDK12,63.44,195,-0.7049,128,Q9NYV4,CDK12,RBL2_655_667_S5_0b128_O0xO,RBL2_655_667,GLGRS*ITsPTTLY,___GLGRsITsPTTL
Other,CDC7,CDC7,63.15,196,-0.8048,132,O00311,CDC7,RBL2_655_667_S5_0b128_O0xO,RBL2_655_667,GLGRS*ITsPTTLY,___GLGRsITsPTTL
CAMK,MAPKAPK3,MAPKAPK3,63.13,197,-1.2915,172,Q16644,MAPKAPK3,RBL2_655_667_S5_0b128_O0xO,RBL2_655_667,GLGRS*ITsPTTLY,___GLGRsITsPTTL
AGC,PRKX,PRKX,63.02,198,-2.7323,263,P51817,PRKX,RBL2_655_667_S5_0b128_O0xO,RBL2_655_667,GLGRS*ITsPTTLY,___GLGRsITsPTTL
AGC,RPS6KB1,P70S6K,62.74,199,-2.5163,251,P23443,S6K1,RBL2_655_667_S5_0b128_O0xO,RBL2_655_667,GLGRS*ITsPTTLY,___GLGRsITsPTTL
CMGC,PRPF4B,PRP4,62.23,200,-0.8195,133,Q13523,PRP4,RBL2_655_667_S5_0b128_O0xO,RBL2_655_667,GLGRS*ITsPTTLY,___GLGRsITsPTTL
Other,EIF2AK2,PKR,61.73,201,-1.4571,176,P19525,PKR,RBL2_655_667_S5_0b128_O0xO,RBL2_655_667,GLGRS*ITsPTTLY,___GLGRsITsPTTL
CAMK,MARK1,MARK1,61.6,202,-2.5394,253,Q9P0L2,MARK1,RBL2_655_667_S5_0b128_O0xO,RBL2_655_667,GLGRS*ITsPTTLY,___GLGRsITsPTTL
CAMK,PRKD3,PRKD3,61.58,203,-1.6965,195,O94806,PKD3,RBL2_655_667_S5_0b128_O0xO,RBL2_655_667,GLGRS*ITsPTTLY,___GLGRsITsPTTL
CAMK,DAPK2,DAPK2,61.51,204,-0.6974,126,Q9UIK4,DAPK2,RBL2_655_667_S5_0b128_O0xO,RBL2_655_667,GLGRS*ITsPTTLY,___GLGRsITsPTTL
STE,TAOK2,TAO2,61.46,205,-2.3234,241,Q9UL54,TAO2,RBL2_655_667_S5_0b128_O0xO,RBL2_655_667,GLGRS*ITsPTTLY,___GLGRsITsPTTL
CMGC,CDK2,CDK2,61.26,206,-1.3529,173,P24941,CDK2,RBL2_655_667_S5_0b128_O0xO,RBL2_655_667,GLGRS*ITsPTTLY,___GLGRsITsPTTL
Other,GAK,GAK,60.53,207,-2.6078,257,O14976,GAK,RBL2_655_667_S5_0b128_O0xO,RBL2_655_667,GLGRS*ITsPTTLY,___GLGRsITsPTTL
CMGC,MAPK9,JNK2,60.2,208,-0.6602,124,P45984,JNK2,RBL2_655_667_S5_0b128_O0xO,RBL2_655_667,GLGRS*ITsPTTLY,___GLGRsITsPTTL
CMGC,CLK4,CLK4,59.91,209,-0.6621,125,Q9HAZ1,CLK4,RBL2_655_667_S5_0b128_O0xO,RBL2_655_667,GLGRS*ITsPTTLY,___GLGRsITsPTTL
Other,TTK,TTK,59.56,210,-4.0643,302,P33981,TTK,RBL2_655_667_S5_0b128_O0xO,RBL2_655_667,GLGRS*ITsPTTLY,___GLGRsITsPTTL
CAMK,DCLK1,DCAMKL1,59.34,211,-1.4803,179,O15075,DCAMKL1,RBL2_655_667_S5_0b128_O0xO,RBL2_655_667,GLGRS*ITsPTTLY,___GLGRsITsPTTL
AGC,CIT,CRIK,59.15,212,-3.489,292,O14578,CITRON,RBL2_655_667_S5_0b128_O0xO,RBL2_655_667,GLGRS*ITsPTTLY,___GLGRsITsPTTL
CMGC,CDK1,CDK1,59.06,213,-1.1098,157,P06493,CDK1,RBL2_655_667_S5_0b128_O0xO,RBL2_655_667,GLGRS*ITsPTTLY,___GLGRsITsPTTL
CAMK,BRSK2,BRSK2,58.91,214,-2.8494,266,Q8IWQ3,BRSK2,RBL2_655_667_S5_0b128_O0xO,RBL2_655_667,GLGRS*ITsPTTLY,___GLGRsITsPTTL
CAMK,TSSK1B,TSSK1,56.84,215,-1.8821,217,Q9BXA7,TSSK1,RBL2_655_667_S5_0b128_O0xO,RBL2_655_667,GLGRS*ITsPTTLY,___GLGRsITsPTTL
CAMK,PNCK,CAMK1B,56.8,216,-0.6158,115,Q6P2M8,CAMK1B,RBL2_655_667_S5_0b128_O0xO,RBL2_655_667,GLGRS*ITsPTTLY,___GLGRsITsPTTL
TKL,BMPR2,BMPR2,56.49,217,-0.3585,97,Q13873,BMPR2,RBL2_655_667_S5_0b128_O0xO,RBL2_655_667,GLGRS*ITsPTTLY,___GLGRsITsPTTL
CAMK,TSSK2,TSSK2,56.49,217,-1.7704,201,Q96PF2,TSSK2,RBL2_655_667_S5_0b128_O0xO,RBL2_655_667,GLGRS*ITsPTTLY,___GLGRsITsPTTL
TKL,ACVR1,ALK2,56.45,219,-1.7676,200,Q04771,ALK2,RBL2_655_667_S5_0b128_O0xO,RBL2_655_667,GLGRS*ITsPTTLY,___GLGRsITsPTTL
CMGC,SRPK1,SRPK1,55.61,220,-0.884,139,Q96SB4,SRPK1,RBL2_655_667_S5_0b128_O0xO,RBL2_655_667,GLGRS*ITsPTTLY,___GLGRsITsPTTL
CAMK,MAPKAPK2,MAPKAPK2,55.57,221,-1.9716,223,P49137,MAPKAPK2,RBL2_655_667_S5_0b128_O0xO,RBL2_655_667,GLGRS*ITsPTTLY,___GLGRsITsPTTL
AGC,GRK3,GRK3,55.43,222,-1.0315,149,P35626,GRK3,RBL2_655_667_S5_0b128_O0xO,RBL2_655_667,GLGRS*ITsPTTLY,___GLGRsITsPTTL
FAM20,FAM20C,FAM20C,55.37,223,-3.1457,278,Q8IXL6,FAM20C,RBL2_655_667_S5_0b128_O0xO,RBL2_655_667,GLGRS*ITsPTTLY,___GLGRsITsPTTL
Other,TP53RK,PRPK,55.22,224,-0.1664,84,Q96S44,PRPK,RBL2_655_667_S5_0b128_O0xO,RBL2_655_667,GLGRS*ITsPTTLY,___GLGRsITsPTTL
CAMK,PRKD1,PRKD1,54.81,225,-1.495,180,Q15139,PKD1,RBL2_655_667_S5_0b128_O0xO,RBL2_655_667,GLGRS*ITsPTTLY,___GLGRsITsPTTL
AGC,STK38L,NDR2,54.45,226,-1.6081,188,Q9Y2H1,NDR2,RBL2_655_667_S5_0b128_O0xO,RBL2_655_667,GLGRS*ITsPTTLY,___GLGRsITsPTTL
CMGC,CDK10,CDK10,54.38,227,-2.0357,229,Q15131,CDK10,RBL2_655_667_S5_0b128_O0xO,RBL2_655_667,GLGRS*ITsPTTLY,___GLGRsITsPTTL
CAMK,MARK2,MARK2,54.14,228,-2.8237,265,Q7KZI7,MARK2,RBL2_655_667_S5_0b128_O0xO,RBL2_655_667,GLGRS*ITsPTTLY,___GLGRsITsPTTL
CAMK,HUNK,HUNK,53.83,229,-2.5494,254,P57058,HUNK,RBL2_655_667_S5_0b128_O0xO,RBL2_655_667,GLGRS*ITsPTTLY,___GLGRsITsPTTL
TKL,BMPR1B,BMPR1B,53.53,230,-1.4432,175,O00238,BMPR1B,RBL2_655_667_S5_0b128_O0xO,RBL2_655_667,GLGRS*ITsPTTLY,___GLGRsITsPTTL
CMGC,CDK19,CDK19,53.33,231,-1.9609,221,Q9BWU1,CDK19,RBL2_655_667_S5_0b128_O0xO,RBL2_655_667,GLGRS*ITsPTTLY,___GLGRsITsPTTL
CAMK,DAPK3,DAPK3,53.19,232,-3.0832,276,O43293,DAPK3,RBL2_655_667_S5_0b128_O0xO,RBL2_655_667,GLGRS*ITsPTTLY,___GLGRsITsPTTL
CMGC,CDK14,CDK14,52.52,233,-1.6041,187,O94921,CDK14,RBL2_655_667_S5_0b128_O0xO,RBL2_655_667,GLGRS*ITsPTTLY,___GLGRsITsPTTL
CMGC,CDK13,CDK13,51.92,234,-1.1052,155,Q14004,CDK13,RBL2_655_667_S5_0b128_O0xO,RBL2_655_667,GLGRS*ITsPTTLY,___GLGRsITsPTTL
CMGC,CDK3,CDK3,51.32,235,-3.6843,295,Q00526,CDK3,RBL2_655_667_S5_0b128_O0xO,RBL2_655_667,GLGRS*ITsPTTLY,___GLGRsITsPTTL
TKL,ACVR2A,ACVR2A,50.86,236,-1.8122,206,P27037,ACVR2A,RBL2_655_667_S5_0b128_O0xO,RBL2_655_667,GLGRS*ITsPTTLY,___GLGRsITsPTTL
CAMK,TSSK6,SSTK,50.64,237,-3.3859,287,Q9BXA6,SSTK,RBL2_655_667_S5_0b128_O0xO,RBL2_655_667,GLGRS*ITsPTTLY,___GLGRsITsPTTL
CAMK,CAMK1,CAMK1A,50.13,238,-4.013,301,Q14012,CAMK1A,RBL2_655_667_S5_0b128_O0xO,RBL2_655_667,GLGRS*ITsPTTLY,___GLGRsITsPTTL
CMGC,CDK9,CDK9,49.96,239,-1.8933,218,P50750,CDK9,RBL2_655_667_S5_0b128_O0xO,RBL2_655_667,GLGRS*ITsPTTLY,___GLGRsITsPTTL
CMGC,MAPK12,P38G,49.83,240,-1.9826,226,P53778,P38G,RBL2_655_667_S5_0b128_O0xO,RBL2_655_667,GLGRS*ITsPTTLY,___GLGRsITsPTTL
Other,BUB1,BUB1,49.26,241,-3.4644,289,O43683,BUB1,RBL2_655_667_S5_0b128_O0xO,RBL2_655_667,GLGRS*ITsPTTLY,___GLGRsITsPTTL
CMGC,MAPK11,P38B,49.2,242,-1.8682,215,Q15759,P38B,RBL2_655_667_S5_0b128_O0xO,RBL2_655_667,GLGRS*ITsPTTLY,___GLGRsITsPTTL
Other,UHMK1,KIS,49.08,243,-1.8286,207,Q8TAS1,KIS,RBL2_655_667_S5_0b128_O0xO,RBL2_655_667,GLGRS*ITsPTTLY,___GLGRsITsPTTL
Other,CSNK2A1,CK2A1,48.81,244,-4.2234,303,P68400,CK2A1,RBL2_655_667_S5_0b128_O0xO,RBL2_655_667,GLGRS*ITsPTTLY,___GLGRsITsPTTL
CMGC,MAPK3,ERK1,48.7,245,-1.925,220,P27361,ERK1,RBL2_655_667_S5_0b128_O0xO,RBL2_655_667,GLGRS*ITsPTTLY,___GLGRsITsPTTL
CMGC,CILK1,ICK,48.61,246,-2.859,268,Q9UPZ9,ICK,RBL2_655_667_S5_0b128_O0xO,RBL2_655_667,GLGRS*ITsPTTLY,___GLGRsITsPTTL
CAMK,SIK1,SIK,47.86,247,-3.3129,284,P57059,SIK,RBL2_655_667_S5_0b128_O0xO,RBL2_655_667,GLGRS*ITsPTTLY,___GLGRsITsPTTL
CMGC,CDK8,CDK8,47.68,248,-2.0213,228,P49336,CDK8,RBL2_655_667_S5_0b128_O0xO,RBL2_655_667,GLGRS*ITsPTTLY,___GLGRsITsPTTL
CMGC,CLK3,CLK3,47.23,249,-1.1658,160,P49761,CLK3,RBL2_655_667_S5_0b128_O0xO,RBL2_655_667,GLGRS*ITsPTTLY,___GLGRsITsPTTL
CMGC,MAK,MAK,47.08,250,-2.2312,235,P20794,MAK,RBL2_655_667_S5_0b128_O0xO,RBL2_655_667,GLGRS*ITsPTTLY,___GLGRsITsPTTL
CAMK,MELK,MELK,46.78,251,-2.8076,264,Q14680,MELK,RBL2_655_667_S5_0b128_O0xO,RBL2_655_667,GLGRS*ITsPTTLY,___GLGRsITsPTTL
CMGC,HIPK4,HIPK4,46.59,252,-1.1049,154,Q8NE63,HIPK4,RBL2_655_667_S5_0b128_O0xO,RBL2_655_667,GLGRS*ITsPTTLY,___GLGRsITsPTTL
CMGC,CDK6,CDK6,46.4,253,-2.5976,256,Q00534,CDK6,RBL2_655_667_S5_0b128_O0xO,RBL2_655_667,GLGRS*ITsPTTLY,___GLGRsITsPTTL
CAMK,PRKAA1,AMPKA1,46.29,254,-2.2713,238,Q13131,AMPKA1,RBL2_655_667_S5_0b128_O0xO,RBL2_655_667,GLGRS*ITsPTTLY,___GLGRsITsPTTL
CMGC,MAPK8,JNK1,46.26,255,-1.8366,208,P45983,JNK1,RBL2_655_667_S5_0b128_O0xO,RBL2_655_667,GLGRS*ITsPTTLY,___GLGRsITsPTTL
CMGC,SRPK3,SRPK3,46.26,255,-1.9033,219,Q9UPE1,SRPK3,RBL2_655_667_S5_0b128_O0xO,RBL2_655_667,GLGRS*ITsPTTLY,___GLGRsITsPTTL
CMGC,CDK15,CDK15,46.2,257,-1.4603,178,Q96Q40,CDK15,RBL2_655_667_S5_0b128_O0xO,RBL2_655_667,GLGRS*ITsPTTLY,___GLGRsITsPTTL
CMGC,CDK18,CDK18,46.02,258,-2.3944,246,Q07002,CDK18,RBL2_655_667_S5_0b128_O0xO,RBL2_655_667,GLGRS*ITsPTTLY,___GLGRsITsPTTL
CMGC,SRPK2,SRPK2,45.69,259,-2.0944,231,P78362,SRPK2,RBL2_655_667_S5_0b128_O0xO,RBL2_655_667,GLGRS*ITsPTTLY,___GLGRsITsPTTL
CAMK,PIM3,PIM3,45.53,260,-1.5423,182,Q86V86,PIM3,RBL2_655_667_S5_0b128_O0xO,RBL2_655_667,GLGRS*ITsPTTLY,___GLGRsITsPTTL
CAMK,PIM1,PIM1,45.48,261,-1.8515,212,P11309,PIM1,RBL2_655_667_S5_0b128_O0xO,RBL2_655_667,GLGRS*ITsPTTLY,___GLGRsITsPTTL
CMGC,MAPK10,JNK3,45.1,262,-1.5849,184,P53779,JNK3,RBL2_655_667_S5_0b128_O0xO,RBL2_655_667,GLGRS*ITsPTTLY,___GLGRsITsPTTL
TKL,ACVRL1,ALK1,44.87,263,-1.4196,174,P37023,ALK1,RBL2_655_667_S5_0b128_O0xO,RBL2_655_667,GLGRS*ITsPTTLY,___GLGRsITsPTTL
CMGC,CDK7,CDK7,44.85,264,-1.9618,222,P50613,CDK7,RBL2_655_667_S5_0b128_O0xO,RBL2_655_667,GLGRS*ITsPTTLY,___GLGRsITsPTTL
CMGC,CLK2,CLK2,44.77,265,-1.8408,210,P49760,CLK2,RBL2_655_667_S5_0b128_O0xO,RBL2_655_667,GLGRS*ITsPTTLY,___GLGRsITsPTTL
CMGC,NLK,NLK,44.47,266,-0.5604,108,Q9UBE8,NLK,RBL2_655_667_S5_0b128_O0xO,RBL2_655_667,GLGRS*ITsPTTLY,___GLGRsITsPTTL
CAMK,BRSK1,BRSK1,43.38,267,-3.7858,299,Q8TDC3,BRSK1,RBL2_655_667_S5_0b128_O0xO,RBL2_655_667,GLGRS*ITsPTTLY,___GLGRsITsPTTL
CMGC,MAPK14,P38A,42.96,268,-1.7673,199,Q16539,P38A,RBL2_655_667_S5_0b128_O0xO,RBL2_655_667,GLGRS*ITsPTTLY,___GLGRsITsPTTL
CMGC,CDK17,CDK17,42.83,269,-3.003,272,Q00537,CDK17,RBL2_655_667_S5_0b128_O0xO,RBL2_655_667,GLGRS*ITsPTTLY,___GLGRsITsPTTL
CMGC,HIPK1,HIPK1,42.63,270,-1.6286,189,Q86Z02,HIPK1,RBL2_655_667_S5_0b128_O0xO,RBL2_655_667,GLGRS*ITsPTTLY,___GLGRsITsPTTL
CMGC,CDK16,CDK16,42.38,271,-3.1951,280,Q00536,CDK16,RBL2_655_667_S5_0b128_O0xO,RBL2_655_667,GLGRS*ITsPTTLY,___GLGRsITsPTTL
CAMK,CAMK1D,CAMK1D,42.15,272,-3.663,294,Q8IU85,CAMK1D,RBL2_655_667_S5_0b128_O0xO,RBL2_655_667,GLGRS*ITsPTTLY,___GLGRsITsPTTL
AGC,GRK2,GRK2,42.02,273,-0.9306,143,P25098,GRK2,RBL2_655_667_S5_0b128_O0xO,RBL2_655_667,GLGRS*ITsPTTLY,___GLGRsITsPTTL
CMGC,DYRK2,DYRK2,41.96,274,-1.7022,196,Q92630,DYRK2,RBL2_655_667_S5_0b128_O0xO,RBL2_655_667,GLGRS*ITsPTTLY,___GLGRsITsPTTL
Other,ERN2,IRE2,41.85,275,-3.0984,277,Q76MJ5,IRE2,RBL2_655_667_S5_0b128_O0xO,RBL2_655_667,GLGRS*ITsPTTLY,___GLGRsITsPTTL
CMGC,CDKL5,CDKL5,41.81,276,-1.677,193,O76039,CDKL5,RBL2_655_667_S5_0b128_O0xO,RBL2_655_667,GLGRS*ITsPTTLY,___GLGRsITsPTTL
TKL,ACVR2B,ACVR2B,41.52,277,-2.2908,239,Q13705,ACVR2B,RBL2_655_667_S5_0b128_O0xO,RBL2_655_667,GLGRS*ITsPTTLY,___GLGRsITsPTTL
CMGC,CDKL2,CDKL2,41.09,278,-2.1897,234,Q92772,CDKL2,RBL2_655_667_S5_0b128_O0xO,RBL2_655_667,GLGRS*ITsPTTLY,___GLGRsITsPTTL
Other,CSNK2A2,CK2A2,40.67,279,-4.6409,306,P19784,CK2A2,RBL2_655_667_S5_0b128_O0xO,RBL2_655_667,GLGRS*ITsPTTLY,___GLGRsITsPTTL
CMGC,DYRK3,DYRK3,40.62,280,-2.687,260,O43781,DYRK3,RBL2_655_667_S5_0b128_O0xO,RBL2_655_667,GLGRS*ITsPTTLY,___GLGRsITsPTTL
CMGC,DYRK4,DYRK4,40.27,281,-2.2332,236,Q9NR20,DYRK4,RBL2_655_667_S5_0b128_O0xO,RBL2_655_667,GLGRS*ITsPTTLY,___GLGRsITsPTTL
CAMK,TSSK4,TSSK4,38.84,282,-2.5049,250,Q6SA08,TSSK4,RBL2_655_667_S5_0b128_O0xO,RBL2_655_667,GLGRS*ITsPTTLY,___GLGRsITsPTTL
CMGC,HIPK3,HIPK3,38.54,283,-2.0498,230,Q9H422,HIPK3,RBL2_655_667_S5_0b128_O0xO,RBL2_655_667,GLGRS*ITsPTTLY,___GLGRsITsPTTL
TKL,BMPR1A,BMPR1A,38.38,284,-3.2643,283,P36894,BMPR1A,RBL2_655_667_S5_0b128_O0xO,RBL2_655_667,GLGRS*ITsPTTLY,___GLGRsITsPTTL
Other,STK16,MPSK1,38.35,285,-2.8801,269,O75716,MPSK1,RBL2_655_667_S5_0b128_O0xO,RBL2_655_667,GLGRS*ITsPTTLY,___GLGRsITsPTTL
CAMK,PIM2,PIM2,37.81,286,-3.0637,275,Q9P1W9,PIM2,RBL2_655_667_S5_0b128_O0xO,RBL2_655_667,GLGRS*ITsPTTLY,___GLGRsITsPTTL
CMGC,HIPK2,HIPK2,37.81,286,-2.8579,267,Q9H2X6,HIPK2,RBL2_655_667_S5_0b128_O0xO,RBL2_655_667,GLGRS*ITsPTTLY,___GLGRsITsPTTL
CAMK,PASK,PASK,36.88,288,-3.2482,282,Q96RG2,PASK,RBL2_655_667_S5_0b128_O0xO,RBL2_655_667,GLGRS*ITsPTTLY,___GLGRsITsPTTL
CMGC,CDKL1,CDKL1,36.81,289,-1.2049,163,Q00532,CDKL1,RBL2_655_667_S5_0b128_O0xO,RBL2_655_667,GLGRS*ITsPTTLY,___GLGRsITsPTTL
Alpha,ALPK1,ALPHAK3,35.74,290,-4.4604,305,Q96QP1,ALPHAK3,RBL2_655_667_S5_0b128_O0xO,RBL2_655_667,GLGRS*ITsPTTLY,___GLGRsITsPTTL
TKL,ACVR1C,ALK7,34.58,291,-1.6468,190,Q8NER5,ALK7,RBL2_655_667_S5_0b128_O0xO,RBL2_655_667,GLGRS*ITsPTTLY,___GLGRsITsPTTL
CMGC,CDK4,CDK4,33.82,292,-3.4805,291,P11802,CDK4,RBL2_655_667_S5_0b128_O0xO,RBL2_655_667,GLGRS*ITsPTTLY,___GLGRsITsPTTL
CAMK,PRKAA2,AMPKA2,33.3,293,-3.3299,286,P54646,AMPKA2,RBL2_655_667_S5_0b128_O0xO,RBL2_655_667,GLGRS*ITsPTTLY,___GLGRsITsPTTL
CMGC,MOK,MOK,32.68,294,-3.716,296,Q9UQ07,MOK,RBL2_655_667_S5_0b128_O0xO,RBL2_655_667,GLGRS*ITsPTTLY,___GLGRsITsPTTL
CAMK,NUAK1,NUAK1,32.01,295,-3.8683,300,O60285,NUAK1,RBL2_655_667_S5_0b128_O0xO,RBL2_655_667,GLGRS*ITsPTTLY,___GLGRsITsPTTL
CMGC,DYRK1A,DYRK1A,31.62,296,-2.9161,270,Q13627,DYRK1A,RBL2_655_667_S5_0b128_O0xO,RBL2_655_667,GLGRS*ITsPTTLY,___GLGRsITsPTTL
CAMK,NUAK2,NUAK2,30.25,297,-2.6521,259,Q9H093,NUAK2,RBL2_655_667_S5_0b128_O0xO,RBL2_655_667,GLGRS*ITsPTTLY,___GLGRsITsPTTL
Other,PBK,PBK,28.95,298,-5.6623,310,Q96KB5,PBK,RBL2_655_667_S5_0b128_O0xO,RBL2_655_667,GLGRS*ITsPTTLY,___GLGRsITsPTTL
CMGC,MAPK13,P38D,28.63,299,-3.4776,290,O15264,P38D,RBL2_655_667_S5_0b128_O0xO,RBL2_655_667,GLGRS*ITsPTTLY,___GLGRsITsPTTL
CMGC,CDK5,CDK5,28.55,300,-3.7301,297,Q00535,CDK5,RBL2_655_667_S5_0b128_O0xO,RBL2_655_667,GLGRS*ITsPTTLY,___GLGRsITsPTTL
Other,SBK1,SBK,28.35,301,-4.2585,304,Q52WX2,SBK,RBL2_655_667_S5_0b128_O0xO,RBL2_655_667,GLGRS*ITsPTTLY,___GLGRsITsPTTL
Other,MOS,MOS,28.23,302,-0.9517,144,P00540,MOS,RBL2_655_667_S5_0b128_O0xO,RBL2_655_667,GLGRS*ITsPTTLY,___GLGRsITsPTTL
CMGC,DYRK1B,DYRK1B,28.03,303,-3.395,288,Q9Y463,DYRK1B,RBL2_655_667_S5_0b128_O0xO,RBL2_655_667,GLGRS*ITsPTTLY,___GLGRsITsPTTL
CAMK,CHEK1,CHK1,27.51,304,-3.0347,274,O14757,CHK1,RBL2_655_667_S5_0b128_O0xO,RBL2_655_667,GLGRS*ITsPTTLY,___GLGRsITsPTTL
PIKK,ATM,ATM,26.62,305,-2.6982,261,Q13315,ATM,RBL2_655_667_S5_0b128_O0xO,RBL2_655_667,GLGRS*ITsPTTLY,___GLGRsITsPTTL
CAMK,TSSK3,TSSK3,23.33,306,-5.4685,308,Q96PN8,TSSK3,RBL2_655_667_S5_0b128_O0xO,RBL2_655_667,GLGRS*ITsPTTLY,___GLGRsITsPTTL
Other,BMP2K,BIKE,22.11,307,-5.5609,309,Q9NSY1,BIKE,RBL2_655_667_S5_0b128_O0xO,RBL2_655_667,GLGRS*ITsPTTLY,___GLGRsITsPTTL
CMGC,MAPK7,ERK5,21.82,308,-2.3295,242,Q13164,ERK5,RBL2_655_667_S5_0b128_O0xO,RBL2_655_667,GLGRS*ITsPTTLY,___GLGRsITsPTTL
CMGC,MAPK1,ERK2,20.38,309,-3.5344,293,P28482,ERK2,RBL2_655_667_S5_0b128_O0xO,RBL2_655_667,GLGRS*ITsPTTLY,___GLGRsITsPTTL
Other,AAK1,AAK1,18.96,310,-7.0808,311,Q2M2I8,AAK1,RBL2_655_667_S5_0b128_O0xO,RBL2_655_667,GLGRS*ITsPTTLY,___GLGRsITsPTTL
CMGC,MAPK15,ERK7,16.68,311,-4.7122,307,Q8TD08,ERK7,RBL2_655_667_S5_0b128_O0xO,RBL2_655_667,GLGRS*ITsPTTLY,___GLGRsITsPTTL
