family,geneName,name,percentile,percentileRank,score,scoreRank,uniprotId,displayName,id,peptide_id,sequence,processed_sequence
CK1,CSNK1G2,CK1G2,94.52,1,1.4399,1,P78368,CK1G2,KCNB1_489_501_S13_0b2052_O0xO,KCNB1_489_501,KWtKRTLSETSsS*,TLSETSss_______
AGC,GRK1,GRK1,93.99,2,1.4321,2,Q15835,GRK1,KCNB1_489_501_S13_0b2052_O0xO,KCNB1_489_501,KWtKRTLSETSsS*,TLSETSss_______
TKL,MAP3K21,MLK4,93.53,3,0.4823,12,Q5TCX8,MLK4,KCNB1_489_501_S13_0b2052_O0xO,KCNB1_489_501,KWtKRTLSETSsS*,TLSETSss_______
CK1,CSNK1A1,CK1A,92.42,4,0.7966,8,P48729,CK1A,KCNB1_489_501_S13_0b2052_O0xO,KCNB1_489_501,KWtKRTLSETSsS*,TLSETSss_______
TKL,MAP3K9,MLK1,92.19,5,0.5376,10,P80192,MLK1,KCNB1_489_501_S13_0b2052_O0xO,KCNB1_489_501,KWtKRTLSETSsS*,TLSETSss_______
STE,MAP3K3,MEKK3,91.13,6,-0.1988,31,Q99759,MEKK3,KCNB1_489_501_S13_0b2052_O0xO,KCNB1_489_501,KWtKRTLSETSsS*,TLSETSss_______
Other,MOS,MOS,90.16,7,1.2834,3,P00540,MOS,KCNB1_489_501_S13_0b2052_O0xO,KCNB1_489_501,KWtKRTLSETSsS*,TLSETSss_______
Other,CSNK2A1,CK2A1,89.95,8,1.2569,4,P68400,CK2A1,KCNB1_489_501_S13_0b2052_O0xO,KCNB1_489_501,KWtKRTLSETSsS*,TLSETSss_______
CK1,CSNK1D,CK1D,89.51,9,0.9763,7,P48730,CK1D,KCNB1_489_501_S13_0b2052_O0xO,KCNB1_489_501,KWtKRTLSETSsS*,TLSETSss_______
Other,CSNK2A2,CK2A2,89.34,10,1.146,6,P19784,CK2A2,KCNB1_489_501_S13_0b2052_O0xO,KCNB1_489_501,KWtKRTLSETSsS*,TLSETSss_______
STE,MAP3K8,COT,87.53,11,1.2158,5,P41279,COT,KCNB1_489_501_S13_0b2052_O0xO,KCNB1_489_501,KWtKRTLSETSsS*,TLSETSss_______
Other,EIF2AK4,GCN2,87.51,12,-0.163,28,Q9P2K8,GCN2,KCNB1_489_501_S13_0b2052_O0xO,KCNB1_489_501,KWtKRTLSETSsS*,TLSETSss_______
CAMK,SNRK,SNRK,86.4,13,-0.8404,53,Q9NRH2,SNRK,KCNB1_489_501_S13_0b2052_O0xO,KCNB1_489_501,KWtKRTLSETSsS*,TLSETSss_______
TKL,MAP3K11,MLK3,86.11,14,-0.2406,36,Q16584,MLK3,KCNB1_489_501_S13_0b2052_O0xO,KCNB1_489_501,KWtKRTLSETSsS*,TLSETSss_______
TKL,RIPK2,RIPK2,85.88,15,-1.6167,102,O43353,RIPK2,KCNB1_489_501_S13_0b2052_O0xO,KCNB1_489_501,KWtKRTLSETSsS*,TLSETSss_______
AGC,GRK7,GRK7,85.82,16,0.0804,22,Q8WTQ7,GRK7,KCNB1_489_501_S13_0b2052_O0xO,KCNB1_489_501,KWtKRTLSETSsS*,TLSETSss_______
AGC,STK32B,YANK2,85.36,17,-0.2114,32,Q9NY57,YANK2,KCNB1_489_501_S13_0b2052_O0xO,KCNB1_489_501,KWtKRTLSETSsS*,TLSETSss_______
Other,IKBKE,IKKE,85.2,18,-0.2725,39,Q14164,IKKE,KCNB1_489_501_S13_0b2052_O0xO,KCNB1_489_501,KWtKRTLSETSsS*,TLSETSss_______
Other,IKBKB,IKKB,84.95,19,0.4217,13,O14920,IKKB,KCNB1_489_501_S13_0b2052_O0xO,KCNB1_489_501,KWtKRTLSETSsS*,TLSETSss_______
FAM20,FAM20C,FAM20C,84.75,20,-0.1404,27,Q8IXL6,FAM20C,KCNB1_489_501_S13_0b2052_O0xO,KCNB1_489_501,KWtKRTLSETSsS*,TLSETSss_______
AGC,GRK5,GRK5,84.28,21,0.6503,9,P34947,GRK5,KCNB1_489_501_S13_0b2052_O0xO,KCNB1_489_501,KWtKRTLSETSsS*,TLSETSss_______
CK1,CSNK1A1L,CK1A2,83.76,22,0.5283,11,Q8N752,CK1A2,KCNB1_489_501_S13_0b2052_O0xO,KCNB1_489_501,KWtKRTLSETSsS*,TLSETSss_______
CK1,CSNK1E,CK1E,83.68,23,0.311,14,P49674,CK1E,KCNB1_489_501_S13_0b2052_O0xO,KCNB1_489_501,KWtKRTLSETSsS*,TLSETSss_______
Alpha,ALPK1,ALPHAK3,83.29,24,-1.4784,97,Q96QP1,ALPHAK3,KCNB1_489_501_S13_0b2052_O0xO,KCNB1_489_501,KWtKRTLSETSsS*,TLSETSss_______
Other,PLK4,PLK4,83.17,25,-1.438,89,O00444,PLK4,KCNB1_489_501_S13_0b2052_O0xO,KCNB1_489_501,KWtKRTLSETSsS*,TLSETSss_______
Other,PLK2,PLK2,82.97,26,-0.0607,23,Q9NYY3,PLK2,KCNB1_489_501_S13_0b2052_O0xO,KCNB1_489_501,KWtKRTLSETSsS*,TLSETSss_______
TKL,ACVR2B,ACVR2B,82.82,27,0.2195,17,Q13705,ACVR2B,KCNB1_489_501_S13_0b2052_O0xO,KCNB1_489_501,KWtKRTLSETSsS*,TLSETSss_______
TKL,MAP3K7,TAK1,82.58,28,-1.9625,130,O43318,TAK1,KCNB1_489_501_S13_0b2052_O0xO,KCNB1_489_501,KWtKRTLSETSsS*,TLSETSss_______
TKL,DSTYK,DSTYK,82.39,29,0.0897,20,Q6XUX3,DSTYK,KCNB1_489_501_S13_0b2052_O0xO,KCNB1_489_501,KWtKRTLSETSsS*,TLSETSss_______
STE,STK3,MST2,82.38,30,-1.6937,111,Q13188,MST2,KCNB1_489_501_S13_0b2052_O0xO,KCNB1_489_501,KWtKRTLSETSsS*,TLSETSss_______
TKL,RIPK4,ANKRD3,81.47,31,-0.4444,41,P57078,ANKRD3,KCNB1_489_501_S13_0b2052_O0xO,KCNB1_489_501,KWtKRTLSETSsS*,TLSETSss_______
TKL,RIPK3,RIPK3,81.26,32,-0.5554,44,Q9Y572,RIPK3,KCNB1_489_501_S13_0b2052_O0xO,KCNB1_489_501,KWtKRTLSETSsS*,TLSETSss_______
CAMK,HUNK,HUNK,81.25,33,-0.866,57,P57058,HUNK,KCNB1_489_501_S13_0b2052_O0xO,KCNB1_489_501,KWtKRTLSETSsS*,TLSETSss_______
CAMK,STK17A,DRAK1,81.11,34,-0.5133,42,Q9UEE5,DRAK1,KCNB1_489_501_S13_0b2052_O0xO,KCNB1_489_501,KWtKRTLSETSsS*,TLSETSss_______
PIKK,ATM,ATM,81.05,35,-0.1101,26,Q13315,ATM,KCNB1_489_501_S13_0b2052_O0xO,KCNB1_489_501,KWtKRTLSETSsS*,TLSETSss_______
STE,STK39,STLK3,80.96,36,-3.6031,242,Q9UEW8,STLK3,KCNB1_489_501_S13_0b2052_O0xO,KCNB1_489_501,KWtKRTLSETSsS*,TLSETSss_______
STE,MAP3K19,YSK4,80.92,37,-0.8558,55,Q56UN5,YSK4,KCNB1_489_501_S13_0b2052_O0xO,KCNB1_489_501,KWtKRTLSETSsS*,TLSETSss_______
STE,MAP2K1,MEK1,80.39,38,-0.9317,62,Q02750,MEK1,KCNB1_489_501_S13_0b2052_O0xO,KCNB1_489_501,KWtKRTLSETSsS*,TLSETSss_______
CAMK,CAMK2G,CAMK2G,80.34,39,0.2631,15,Q13555,CAMK2G,KCNB1_489_501_S13_0b2052_O0xO,KCNB1_489_501,KWtKRTLSETSsS*,TLSETSss_______
Other,PLK1,PLK1,80.12,40,-0.2259,35,P53350,PLK1,KCNB1_489_501_S13_0b2052_O0xO,KCNB1_489_501,KWtKRTLSETSsS*,TLSETSss_______
TKL,MAP3K12,DLK,80.11,41,-0.2617,38,Q12852,DLK,KCNB1_489_501_S13_0b2052_O0xO,KCNB1_489_501,KWtKRTLSETSsS*,TLSETSss_______
AGC,GRK3,GRK3,79.43,42,0.2485,16,P35626,GRK3,KCNB1_489_501_S13_0b2052_O0xO,KCNB1_489_501,KWtKRTLSETSsS*,TLSETSss_______
CK1,VRK2,VRK2,79.19,43,-1.4559,92,Q86Y07,VRK2,KCNB1_489_501_S13_0b2052_O0xO,KCNB1_489_501,KWtKRTLSETSsS*,TLSETSss_______
AGC,GRK2,GRK2,79.08,44,0.2147,18,P25098,GRK2,KCNB1_489_501_S13_0b2052_O0xO,KCNB1_489_501,KWtKRTLSETSsS*,TLSETSss_______
TKL,ACVR2A,ACVR2A,78.99,45,-0.2143,33,P27037,ACVR2A,KCNB1_489_501_S13_0b2052_O0xO,KCNB1_489_501,KWtKRTLSETSsS*,TLSETSss_______
TKL,MAP3K20,ZAK,78.9,46,-1.3424,83,Q9NYL2,ZAK,KCNB1_489_501_S13_0b2052_O0xO,KCNB1_489_501,KWtKRTLSETSsS*,TLSETSss_______
Other,TBK1,TBK1,78.29,47,-0.6045,47,Q9UHD2,TBK1,KCNB1_489_501_S13_0b2052_O0xO,KCNB1_489_501,KWtKRTLSETSsS*,TLSETSss_______
Other,GAK,GAK,77.09,48,-1.6482,106,O14976,GAK,KCNB1_489_501_S13_0b2052_O0xO,KCNB1_489_501,KWtKRTLSETSsS*,TLSETSss_______
TKL,IRAK1,IRAK1,77.04,49,-1.4971,99,P51617,IRAK1,KCNB1_489_501_S13_0b2052_O0xO,KCNB1_489_501,KWtKRTLSETSsS*,TLSETSss_______
STE,MAP3K1,MEKK1,76.81,50,-1.2094,75,Q13233,MEKK1,KCNB1_489_501_S13_0b2052_O0xO,KCNB1_489_501,KWtKRTLSETSsS*,TLSETSss_______
TKL,BMPR1A,BMPR1A,76.66,51,-0.7199,51,P36894,BMPR1A,KCNB1_489_501_S13_0b2052_O0xO,KCNB1_489_501,KWtKRTLSETSsS*,TLSETSss_______
AGC,GRK4,GRK4,76.55,52,-0.1063,25,P32298,GRK4,KCNB1_489_501_S13_0b2052_O0xO,KCNB1_489_501,KWtKRTLSETSsS*,TLSETSss_______
STE,OXSR1,OSR1,76.47,53,-2.5423,170,O95747,OSR1,KCNB1_489_501_S13_0b2052_O0xO,KCNB1_489_501,KWtKRTLSETSsS*,TLSETSss_______
Other,ULK1,ULK1,76.14,54,-1.4693,95,O75385,ULK1,KCNB1_489_501_S13_0b2052_O0xO,KCNB1_489_501,KWtKRTLSETSsS*,TLSETSss_______
AGC,GRK6,GRK6,75.77,55,0.1373,19,P43250,GRK6,KCNB1_489_501_S13_0b2052_O0xO,KCNB1_489_501,KWtKRTLSETSsS*,TLSETSss_______
Alpha,TRPM7,CHAK1,75.68,56,-0.9555,65,Q96QT4,TRPM7,KCNB1_489_501_S13_0b2052_O0xO,KCNB1_489_501,KWtKRTLSETSsS*,TLSETSss_______
TKL,RAF1,RAF1,74.87,57,-0.2229,34,P04049,RAF1,KCNB1_489_501_S13_0b2052_O0xO,KCNB1_489_501,KWtKRTLSETSsS*,TLSETSss_______
CK1,TTBK2,TTBK2,74.74,58,-0.6806,50,Q6IQ55,TTBK2,KCNB1_489_501_S13_0b2052_O0xO,KCNB1_489_501,KWtKRTLSETSsS*,TLSETSss_______
AGC,STK32C,YANK3,74.1,59,-0.1785,30,Q86UX6,YANK3,KCNB1_489_501_S13_0b2052_O0xO,KCNB1_489_501,KWtKRTLSETSsS*,TLSETSss_______
CK1,TTBK1,TTBK1,73.4,60,-1.7622,119,Q5TCY1,TTBK1,KCNB1_489_501_S13_0b2052_O0xO,KCNB1_489_501,KWtKRTLSETSsS*,TLSETSss_______
Other,NEK7,NEK7,72.92,61,-1.0231,68,Q8TDX7,NEK7,KCNB1_489_501_S13_0b2052_O0xO,KCNB1_489_501,KWtKRTLSETSsS*,TLSETSss_______
TKL,ACVR1C,ALK7,72.87,62,0.088,21,Q8NER5,ALK7,KCNB1_489_501_S13_0b2052_O0xO,KCNB1_489_501,KWtKRTLSETSsS*,TLSETSss_______
STE,MAP3K2,MEKK2,72.39,63,-1.4654,94,Q9Y2U5,MEKK2,KCNB1_489_501_S13_0b2052_O0xO,KCNB1_489_501,KWtKRTLSETSsS*,TLSETSss_______
Other,NEK8,NEK8,72.37,64,-1.8319,124,Q86SG6,NEK8,KCNB1_489_501_S13_0b2052_O0xO,KCNB1_489_501,KWtKRTLSETSsS*,TLSETSss_______
TKL,ACVR1,ALK2,72.11,65,-0.8926,60,Q04771,ALK2,KCNB1_489_501_S13_0b2052_O0xO,KCNB1_489_501,KWtKRTLSETSsS*,TLSETSss_______
TKL,RIPK1,RIPK1,72.02,66,-0.8761,58,Q13546,RIPK1,KCNB1_489_501_S13_0b2052_O0xO,KCNB1_489_501,KWtKRTLSETSsS*,TLSETSss_______
PDHK,BCKDK,BCKDK,71.47,67,-1.4611,93,O14874,BCKDK,KCNB1_489_501_S13_0b2052_O0xO,KCNB1_489_501,KWtKRTLSETSsS*,TLSETSss_______
Other,NEK11,NEK11,71.36,68,-1.9099,128,Q8NG66,NEK11,KCNB1_489_501_S13_0b2052_O0xO,KCNB1_489_501,KWtKRTLSETSsS*,TLSETSss_______
CK1,CSNK1G3,CK1G3,71.2,69,-0.935,63,Q9Y6M4,CK1G3,KCNB1_489_501_S13_0b2052_O0xO,KCNB1_489_501,KWtKRTLSETSsS*,TLSETSss_______
Other,PLK3,PLK3,70.88,70,-0.8501,54,Q9H4B4,PLK3,KCNB1_489_501_S13_0b2052_O0xO,KCNB1_489_501,KWtKRTLSETSsS*,TLSETSss_______
Other,CHUK,IKKA,70.58,71,-0.9162,61,O15111,IKKA,KCNB1_489_501_S13_0b2052_O0xO,KCNB1_489_501,KWtKRTLSETSsS*,TLSETSss_______
Other,ULK2,ULK2,70.45,72,-1.0489,71,Q8IYT8,ULK2,KCNB1_489_501_S13_0b2052_O0xO,KCNB1_489_501,KWtKRTLSETSsS*,TLSETSss_______
Alpha,TRPM6,CHAK2,70.29,73,-0.8572,56,Q9BX84,TRPM6,KCNB1_489_501_S13_0b2052_O0xO,KCNB1_489_501,KWtKRTLSETSsS*,TLSETSss_______
STE,STK26,MST4,69.25,74,-1.0291,70,Q9P289,MST4,KCNB1_489_501_S13_0b2052_O0xO,KCNB1_489_501,KWtKRTLSETSsS*,TLSETSss_______
TKL,BMPR1B,BMPR1B,69.23,75,-0.588,46,O00238,BMPR1B,KCNB1_489_501_S13_0b2052_O0xO,KCNB1_489_501,KWtKRTLSETSsS*,TLSETSss_______
STE,MAP3K6,MEKK6,68.92,76,-3.2572,221,O95382,ASK2,KCNB1_489_501_S13_0b2052_O0xO,KCNB1_489_501,KWtKRTLSETSsS*,TLSETSss_______
STE,MYO3A,MYO3A,68.67,77,-3.6305,245,Q8NEV4,MYO3A,KCNB1_489_501_S13_0b2052_O0xO,KCNB1_489_501,KWtKRTLSETSsS*,TLSETSss_______
CAMK,PHKG2,PHKG2,68.24,78,-2.7768,189,P15735,PHKG2,KCNB1_489_501_S13_0b2052_O0xO,KCNB1_489_501,KWtKRTLSETSsS*,TLSETSss_______
TKL,TGFBR1,TGFBR1,67.39,79,-0.5415,43,P36897,TGFBR1,KCNB1_489_501_S13_0b2052_O0xO,KCNB1_489_501,KWtKRTLSETSsS*,TLSETSss_______
STE,STK24,MST3,66.62,80,-1.6963,113,Q9Y6E0,MST3,KCNB1_489_501_S13_0b2052_O0xO,KCNB1_489_501,KWtKRTLSETSsS*,TLSETSss_______
CAMK,STK33,STK33,66.61,81,-2.2728,146,Q9BYT3,STK33,KCNB1_489_501_S13_0b2052_O0xO,KCNB1_489_501,KWtKRTLSETSsS*,TLSETSss_______
STE,MAP2K5,MEK5,65.7,82,-1.7511,117,Q13163,MEK5,KCNB1_489_501_S13_0b2052_O0xO,KCNB1_489_501,KWtKRTLSETSsS*,TLSETSss_______
TKL,MAP3K10,MLK2,65.47,83,-0.9696,66,Q02779,MLK2,KCNB1_489_501_S13_0b2052_O0xO,KCNB1_489_501,KWtKRTLSETSsS*,TLSETSss_______
PIKK,SMG1,SMG1,65.09,84,-1.3811,86,Q96Q15,SMG1,KCNB1_489_501_S13_0b2052_O0xO,KCNB1_489_501,KWtKRTLSETSsS*,TLSETSss_______
PIKK,ATR,ATR,65.01,85,-0.3475,40,Q13535,ATR,KCNB1_489_501_S13_0b2052_O0xO,KCNB1_489_501,KWtKRTLSETSsS*,TLSETSss_______
AGC,MASTL,MASTL,64.58,86,-1.0587,72,Q96GX5,MASTL,KCNB1_489_501_S13_0b2052_O0xO,KCNB1_489_501,KWtKRTLSETSsS*,TLSETSss_______
Other,ERN1,IRE1,64.51,87,-1.6848,110,O75460,IRE1,KCNB1_489_501_S13_0b2052_O0xO,KCNB1_489_501,KWtKRTLSETSsS*,TLSETSss_______
Other,TTK,TTK,64.5,88,-3.7582,250,P33981,TTK,KCNB1_489_501_S13_0b2052_O0xO,KCNB1_489_501,KWtKRTLSETSsS*,TLSETSss_______
Other,UHMK1,KIS,64.04,89,-0.6148,48,Q8TAS1,KIS,KCNB1_489_501_S13_0b2052_O0xO,KCNB1_489_501,KWtKRTLSETSsS*,TLSETSss_______
STE,TAOK3,TAO3,63.72,90,-1.5861,101,Q9H2K8,TAO3,KCNB1_489_501_S13_0b2052_O0xO,KCNB1_489_501,KWtKRTLSETSsS*,TLSETSss_______
Other,ERN2,IRE2,63.54,91,-1.8686,127,Q76MJ5,IRE2,KCNB1_489_501_S13_0b2052_O0xO,KCNB1_489_501,KWtKRTLSETSsS*,TLSETSss_______
CK1,CSNK1G1,CK1G1,63.47,92,-1.394,87,Q9HCP0,CK1G1,KCNB1_489_501_S13_0b2052_O0xO,KCNB1_489_501,KWtKRTLSETSsS*,TLSETSss_______
TKL,BMPR2,BMPR2,63.41,93,-0.2581,37,Q13873,BMPR2,KCNB1_489_501_S13_0b2052_O0xO,KCNB1_489_501,KWtKRTLSETSsS*,TLSETSss_______
STE,MAP3K5,ASK1,63.36,94,-4.0576,266,Q99683,ASK1,KCNB1_489_501_S13_0b2052_O0xO,KCNB1_489_501,KWtKRTLSETSsS*,TLSETSss_______
CMGC,CDK3,CDK3,63.31,95,-1.6363,105,Q00526,CDK3,KCNB1_489_501_S13_0b2052_O0xO,KCNB1_489_501,KWtKRTLSETSsS*,TLSETSss_______
STE,MAP4K2,GCK,63.02,96,-2.4094,155,Q12851,GCK,KCNB1_489_501_S13_0b2052_O0xO,KCNB1_489_501,KWtKRTLSETSsS*,TLSETSss_______
CMGC,MAPK15,ERK7,62.93,97,-1.4489,90,Q8TD08,ERK7,KCNB1_489_501_S13_0b2052_O0xO,KCNB1_489_501,KWtKRTLSETSsS*,TLSETSss_______
Other,TLK1,TLK1,62.58,98,-1.9428,129,Q9UKI8,TLK1,KCNB1_489_501_S13_0b2052_O0xO,KCNB1_489_501,KWtKRTLSETSsS*,TLSETSss_______
Other,TLK2,TLK2,62.42,99,-1.3371,82,Q86UE8,TLK2,KCNB1_489_501_S13_0b2052_O0xO,KCNB1_489_501,KWtKRTLSETSsS*,TLSETSss_______
CAMK,CAMK1G,CAMK1G,62.36,100,-2.369,152,Q96NX5,CAMK1G,KCNB1_489_501_S13_0b2052_O0xO,KCNB1_489_501,KWtKRTLSETSsS*,TLSETSss_______
CMGC,CDK1,CDK1,62.31,101,-0.6385,49,P06493,CDK1,KCNB1_489_501_S13_0b2052_O0xO,KCNB1_489_501,KWtKRTLSETSsS*,TLSETSss_______
CAMK,CAMK2B,CAMK2B,62.03,102,-1.0277,69,Q13554,CAMK2B,KCNB1_489_501_S13_0b2052_O0xO,KCNB1_489_501,KWtKRTLSETSsS*,TLSETSss_______
CAMK,NIM1K,NIM1,61.98,103,-1.683,109,Q8IY84,NIM1,KCNB1_489_501_S13_0b2052_O0xO,KCNB1_489_501,KWtKRTLSETSsS*,TLSETSss_______
CK1,VRK1,VRK1,61.92,104,-3.2601,223,Q99986,VRK1,KCNB1_489_501_S13_0b2052_O0xO,KCNB1_489_501,KWtKRTLSETSsS*,TLSETSss_______
Other,TP53RK,PRPK,61.9,105,-0.0843,24,Q96S44,PRPK,KCNB1_489_501_S13_0b2052_O0xO,KCNB1_489_501,KWtKRTLSETSsS*,TLSETSss_______
CAMK,PHKG1,PHKG1,61.47,106,-2.2408,143,Q16816,PHKG1,KCNB1_489_501_S13_0b2052_O0xO,KCNB1_489_501,KWtKRTLSETSsS*,TLSETSss_______
TKL,BRAF,BRAF,61.09,107,-1.8401,125,P15056,BRAF,KCNB1_489_501_S13_0b2052_O0xO,KCNB1_489_501,KWtKRTLSETSsS*,TLSETSss_______
CAMK,TSSK6,SSTK,60.97,108,-2.5937,178,Q9BXA6,SSTK,KCNB1_489_501_S13_0b2052_O0xO,KCNB1_489_501,KWtKRTLSETSsS*,TLSETSss_______
CMGC,CDK17,CDK17,60.63,109,-1.4878,98,Q00537,CDK17,KCNB1_489_501_S13_0b2052_O0xO,KCNB1_489_501,KWtKRTLSETSsS*,TLSETSss_______
CMGC,CDK2,CDK2,60.5,110,-1.4549,91,P24941,CDK2,KCNB1_489_501_S13_0b2052_O0xO,KCNB1_489_501,KWtKRTLSETSsS*,TLSETSss_______
CAMK,MARK2,MARK2,60.5,110,-2.4152,157,Q7KZI7,MARK2,KCNB1_489_501_S13_0b2052_O0xO,KCNB1_489_501,KWtKRTLSETSsS*,TLSETSss_______
Other,CAMKK1,CAMKK1,60.31,112,-2.5795,175,Q8N5S9,CAMKK1,KCNB1_489_501_S13_0b2052_O0xO,KCNB1_489_501,KWtKRTLSETSsS*,TLSETSss_______
STE,STK4,MST1,60.26,113,-2.5603,173,Q13043,MST1,KCNB1_489_501_S13_0b2052_O0xO,KCNB1_489_501,KWtKRTLSETSsS*,TLSETSss_______
AGC,PKN2,PKN2,59.83,114,-1.8236,123,Q16513,PKN2,KCNB1_489_501_S13_0b2052_O0xO,KCNB1_489_501,KWtKRTLSETSsS*,TLSETSss_______
CAMK,BRSK1,BRSK1,59.71,115,-2.7123,185,Q8TDC3,BRSK1,KCNB1_489_501_S13_0b2052_O0xO,KCNB1_489_501,KWtKRTLSETSsS*,TLSETSss_______
Other,CDC7,CDC7,59.54,116,-0.9369,64,O00311,CDC7,KCNB1_489_501_S13_0b2052_O0xO,KCNB1_489_501,KWtKRTLSETSsS*,TLSETSss_______
CMGC,MAPK12,P38G,59.3,117,-1.2274,78,P53778,P38G,KCNB1_489_501_S13_0b2052_O0xO,KCNB1_489_501,KWtKRTLSETSsS*,TLSETSss_______
CAMK,MAPKAPK5,MAPKAPK5,59.09,118,-2.5456,171,Q8IW41,MAPKAPK5,KCNB1_489_501_S13_0b2052_O0xO,KCNB1_489_501,KWtKRTLSETSsS*,TLSETSss_______
STE,SLK,SLK,59.03,119,-2.9714,203,Q9H2G2,SLK,KCNB1_489_501_S13_0b2052_O0xO,KCNB1_489_501,KWtKRTLSETSsS*,TLSETSss_______
Alpha,EEF2K,EEF2K,58.77,120,-3.0159,207,O00418,EEF2K,KCNB1_489_501_S13_0b2052_O0xO,KCNB1_489_501,KWtKRTLSETSsS*,TLSETSss_______
STE,STK25,YSK1,58.6,121,-3.4722,234,O00506,YSK1,KCNB1_489_501_S13_0b2052_O0xO,KCNB1_489_501,KWtKRTLSETSsS*,TLSETSss_______
Other,CAMKK2,CAMKK2,57.84,122,-3.3013,226,Q96RR4,CAMKK2,KCNB1_489_501_S13_0b2052_O0xO,KCNB1_489_501,KWtKRTLSETSsS*,TLSETSss_______
STE,MINK1,MINK,57.83,123,-3.2578,222,Q8N4C8,MINK,KCNB1_489_501_S13_0b2052_O0xO,KCNB1_489_501,KWtKRTLSETSsS*,TLSETSss_______
AGC,PRKCG,PKCG,57.51,124,-2.3967,154,P05129,PKCG,KCNB1_489_501_S13_0b2052_O0xO,KCNB1_489_501,KWtKRTLSETSsS*,TLSETSss_______
Other,NEK6,NEK6,57.29,125,-1.694,112,Q9HC98,NEK6,KCNB1_489_501_S13_0b2052_O0xO,KCNB1_489_501,KWtKRTLSETSsS*,TLSETSss_______
TKL,ACVRL1,ALK1,57.28,126,-1.0081,67,P37023,ALK1,KCNB1_489_501_S13_0b2052_O0xO,KCNB1_489_501,KWtKRTLSETSsS*,TLSETSss_______
CAMK,CAMK4,CAMK4,57.15,127,-2.3707,153,Q16566,CAMK4,KCNB1_489_501_S13_0b2052_O0xO,KCNB1_489_501,KWtKRTLSETSsS*,TLSETSss_______
STE,MAP4K1,HPK1,56.89,128,-3.0258,209,Q92918,HPK1,KCNB1_489_501_S13_0b2052_O0xO,KCNB1_489_501,KWtKRTLSETSsS*,TLSETSss_______
AGC,PRKCH,PKCH,56.62,129,-2.5833,177,P24723,PKCH,KCNB1_489_501_S13_0b2052_O0xO,KCNB1_489_501,KWtKRTLSETSsS*,TLSETSss_______
Other,EIF2AK3,PERK,56.25,130,-2.1524,137,Q9NZJ5,PERK,KCNB1_489_501_S13_0b2052_O0xO,KCNB1_489_501,KWtKRTLSETSsS*,TLSETSss_______
CAMK,MARK1,MARK1,55.57,131,-2.9463,201,Q9P0L2,MARK1,KCNB1_489_501_S13_0b2052_O0xO,KCNB1_489_501,KWtKRTLSETSsS*,TLSETSss_______
CMGC,MAPK8,JNK1,55.57,131,-1.1832,74,P45983,JNK1,KCNB1_489_501_S13_0b2052_O0xO,KCNB1_489_501,KWtKRTLSETSsS*,TLSETSss_______
TKL,ACVR1B,ALK4,54.67,133,-1.0718,73,P36896,ALK4,KCNB1_489_501_S13_0b2052_O0xO,KCNB1_489_501,KWtKRTLSETSsS*,TLSETSss_______
CMGC,MAPK1,ERK2,54.56,134,-1.3447,84,P28482,ERK2,KCNB1_489_501_S13_0b2052_O0xO,KCNB1_489_501,KWtKRTLSETSsS*,TLSETSss_______
CMGC,CDK5,CDK5,54.47,135,-1.7786,121,Q00535,CDK5,KCNB1_489_501_S13_0b2052_O0xO,KCNB1_489_501,KWtKRTLSETSsS*,TLSETSss_______
AGC,PRKCB,PKCB,54.44,136,-2.551,172,P05771,PKCB,KCNB1_489_501_S13_0b2052_O0xO,KCNB1_489_501,KWtKRTLSETSsS*,TLSETSss_______
AGC,PRKCQ,PKCT,54.34,137,-3.1086,210,Q04759,PKCT,KCNB1_489_501_S13_0b2052_O0xO,KCNB1_489_501,KWtKRTLSETSsS*,TLSETSss_______
CMGC,CDK16,CDK16,53.94,138,-2.1631,138,Q00536,CDK16,KCNB1_489_501_S13_0b2052_O0xO,KCNB1_489_501,KWtKRTLSETSsS*,TLSETSss_______
Other,EIF2AK2,PKR,53.09,139,-1.7527,118,P19525,PKR,KCNB1_489_501_S13_0b2052_O0xO,KCNB1_489_501,KWtKRTLSETSsS*,TLSETSss_______
STE,TAOK1,TAO1,52.69,140,-4.1432,269,Q7L7X3,TAO1,KCNB1_489_501_S13_0b2052_O0xO,KCNB1_489_501,KWtKRTLSETSsS*,TLSETSss_______
TKL,IRAK4,IRAK4,52.57,141,-2.5801,176,Q9NWZ3,IRAK4,KCNB1_489_501_S13_0b2052_O0xO,KCNB1_489_501,KWtKRTLSETSsS*,TLSETSss_______
Other,ULK3,ULK3,52.45,142,-3.1748,217,Q6PHR2,ULK3,KCNB1_489_501_S13_0b2052_O0xO,KCNB1_489_501,KWtKRTLSETSsS*,TLSETSss_______
Other,EIF2AK1,HRI,52.19,143,-2.2125,142,Q9BQI3,HRI,KCNB1_489_501_S13_0b2052_O0xO,KCNB1_489_501,KWtKRTLSETSsS*,TLSETSss_______
CAMK,BRSK2,BRSK2,52.15,144,-3.3183,228,Q8IWQ3,BRSK2,KCNB1_489_501_S13_0b2052_O0xO,KCNB1_489_501,KWtKRTLSETSsS*,TLSETSss_______
CAMK,MARK3,MARK3,52.14,145,-3.1558,215,P27448,MARK3,KCNB1_489_501_S13_0b2052_O0xO,KCNB1_489_501,KWtKRTLSETSsS*,TLSETSss_______
Other,NEK9,NEK9,52.14,145,-1.6968,114,Q8TD19,NEK9,KCNB1_489_501_S13_0b2052_O0xO,KCNB1_489_501,KWtKRTLSETSsS*,TLSETSss_______
CMGC,MAPK10,JNK3,51.97,147,-1.2218,76,P53779,JNK3,KCNB1_489_501_S13_0b2052_O0xO,KCNB1_489_501,KWtKRTLSETSsS*,TLSETSss_______
PIKK,PRKDC,DNAPK,51.93,148,-1.6674,108,P78527,DNAPK,KCNB1_489_501_S13_0b2052_O0xO,KCNB1_489_501,KWtKRTLSETSsS*,TLSETSss_______
CAMK,TSSK2,TSSK2,51.7,149,-2.071,135,Q96PF2,TSSK2,KCNB1_489_501_S13_0b2052_O0xO,KCNB1_489_501,KWtKRTLSETSsS*,TLSETSss_______
CAMK,SIK2,QIK,51.41,150,-2.6481,182,Q9H0K1,QIK,KCNB1_489_501_S13_0b2052_O0xO,KCNB1_489_501,KWtKRTLSETSsS*,TLSETSss_______
STE,TAOK2,TAO2,51.35,151,-2.7329,188,Q9UL54,TAO2,KCNB1_489_501_S13_0b2052_O0xO,KCNB1_489_501,KWtKRTLSETSsS*,TLSETSss_______
Other,WNK3,WNK3,51.03,152,-1.9704,132,Q9BYP7,WNK3,KCNB1_489_501_S13_0b2052_O0xO,KCNB1_489_501,KWtKRTLSETSsS*,TLSETSss_______
CMGC,CDK19,CDK19,50.91,153,-2.1661,139,Q9BWU1,CDK19,KCNB1_489_501_S13_0b2052_O0xO,KCNB1_489_501,KWtKRTLSETSsS*,TLSETSss_______
CAMK,MAPKAPK2,MAPKAPK2,50.62,154,-2.3289,151,P49137,MAPKAPK2,KCNB1_489_501_S13_0b2052_O0xO,KCNB1_489_501,KWtKRTLSETSsS*,TLSETSss_______
Other,PINK1,PINK1,50.5,155,-1.5204,100,Q9BXM7,PINK1,KCNB1_489_501_S13_0b2052_O0xO,KCNB1_489_501,KWtKRTLSETSsS*,TLSETSss_______
AGC,PRKCE,PKCE,50.5,155,-3.4975,236,Q02156,PKCE,KCNB1_489_501_S13_0b2052_O0xO,KCNB1_489_501,KWtKRTLSETSsS*,TLSETSss_______
AGC,PRKCA,PKCA,50.47,157,-2.604,179,P17252,PKCA,KCNB1_489_501_S13_0b2052_O0xO,KCNB1_489_501,KWtKRTLSETSsS*,TLSETSss_______
STE,MAP2K2,MEK2,50.17,158,-3.6662,247,P36507,MEK2,KCNB1_489_501_S13_0b2052_O0xO,KCNB1_489_501,KWtKRTLSETSsS*,TLSETSss_______
CMGC,MAPK3,ERK1,50.16,159,-1.8086,122,P27361,ERK1,KCNB1_489_501_S13_0b2052_O0xO,KCNB1_489_501,KWtKRTLSETSsS*,TLSETSss_______
TKL,TGFBR2,TGFBR2,49.83,160,-2.1673,140,P37173,TGFBR2,KCNB1_489_501_S13_0b2052_O0xO,KCNB1_489_501,KWtKRTLSETSsS*,TLSETSss_______
Other,HASPIN,HASPIN,49.66,161,-3.9597,262,Q8TF76,HASPIN,KCNB1_489_501_S13_0b2052_O0xO,KCNB1_489_501,KWtKRTLSETSsS*,TLSETSss_______
AGC,PKN1,PKN1,49.49,162,-4.0354,265,Q16512,PKN1,KCNB1_489_501_S13_0b2052_O0xO,KCNB1_489_501,KWtKRTLSETSsS*,TLSETSss_______
AGC,PRKCZ,PKCZ,49.43,163,-2.4111,156,Q05513,PKCZ,KCNB1_489_501_S13_0b2052_O0xO,KCNB1_489_501,KWtKRTLSETSsS*,TLSETSss_______
STE,MAP3K15,MAP3K15,49.29,164,-3.2261,219,Q6ZN16,ASK3,KCNB1_489_501_S13_0b2052_O0xO,KCNB1_489_501,KWtKRTLSETSsS*,TLSETSss_______
Other,NEK2,NEK2,49.26,165,-2.2727,145,P51955,NEK2,KCNB1_489_501_S13_0b2052_O0xO,KCNB1_489_501,KWtKRTLSETSsS*,TLSETSss_______
CAMK,MARK4,MARK4,49.19,166,-2.1218,136,Q96L34,MARK4,KCNB1_489_501_S13_0b2052_O0xO,KCNB1_489_501,KWtKRTLSETSsS*,TLSETSss_______
CAMK,SIK1,SIK,49.14,167,-3.2317,220,P57059,SIK,KCNB1_489_501_S13_0b2052_O0xO,KCNB1_489_501,KWtKRTLSETSsS*,TLSETSss_______
Other,NEK5,NEK5,48.93,168,-2.4475,158,Q6P3R8,NEK5,KCNB1_489_501_S13_0b2052_O0xO,KCNB1_489_501,KWtKRTLSETSsS*,TLSETSss_______
STE,TNIK,TNIK,48.65,169,-3.2777,224,Q9UKE5,TNIK,KCNB1_489_501_S13_0b2052_O0xO,KCNB1_489_501,KWtKRTLSETSsS*,TLSETSss_______
Other,WNK4,WNK4,48.24,170,-2.5359,168,Q96J92,WNK4,KCNB1_489_501_S13_0b2052_O0xO,KCNB1_489_501,KWtKRTLSETSsS*,TLSETSss_______
CMGC,CDK6,CDK6,48.13,171,-2.4504,160,Q00534,CDK6,KCNB1_489_501_S13_0b2052_O0xO,KCNB1_489_501,KWtKRTLSETSsS*,TLSETSss_______
AGC,PRKCI,PKCI,47.96,172,-3.426,233,P41743,PKCI,KCNB1_489_501_S13_0b2052_O0xO,KCNB1_489_501,KWtKRTLSETSsS*,TLSETSss_______
CAMK,MAPKAPK3,MAPKAPK3,47.74,173,-2.3012,149,Q16644,MAPKAPK3,KCNB1_489_501_S13_0b2052_O0xO,KCNB1_489_501,KWtKRTLSETSsS*,TLSETSss_______
CMGC,CDK8,CDK8,47.46,174,-2.0368,133,P49336,CDK8,KCNB1_489_501_S13_0b2052_O0xO,KCNB1_489_501,KWtKRTLSETSsS*,TLSETSss_______
CMGC,PRPF4B,PRP4,47.27,175,-1.9665,131,Q13523,PRP4,KCNB1_489_501_S13_0b2052_O0xO,KCNB1_489_501,KWtKRTLSETSsS*,TLSETSss_______
STE,MAP4K3,KHS2,47.19,176,-3.7648,251,Q8IVH8,KHS2,KCNB1_489_501_S13_0b2052_O0xO,KCNB1_489_501,KWtKRTLSETSsS*,TLSETSss_______
CMGC,CDK13,CDK13,47.08,177,-1.3616,85,Q14004,CDK13,KCNB1_489_501_S13_0b2052_O0xO,KCNB1_489_501,KWtKRTLSETSsS*,TLSETSss_______
STE,PAK2,PAK2,47.05,178,-2.8647,195,Q13177,PAK2,KCNB1_489_501_S13_0b2052_O0xO,KCNB1_489_501,KWtKRTLSETSsS*,TLSETSss_______
CMGC,CDK12,CDK12,46.97,179,-2.2471,144,Q9NYV4,CDK12,KCNB1_489_501_S13_0b2052_O0xO,KCNB1_489_501,KWtKRTLSETSsS*,TLSETSss_______
PIKK,MTOR,MTOR,46.71,180,-0.8141,52,P42345,MTOR,KCNB1_489_501_S13_0b2052_O0xO,KCNB1_489_501,KWtKRTLSETSsS*,TLSETSss_______
Other,AURKA,AURA,46.66,181,-3.4209,232,O14965,AURA,KCNB1_489_501_S13_0b2052_O0xO,KCNB1_489_501,KWtKRTLSETSsS*,TLSETSss_______
CMGC,MAPK13,P38D,46.52,182,-2.2064,141,O15264,P38D,KCNB1_489_501_S13_0b2052_O0xO,KCNB1_489_501,KWtKRTLSETSsS*,TLSETSss_______
CAMK,DCLK2,DCAMKL2,46.17,183,-2.6391,181,Q8N568,DCAMKL2,KCNB1_489_501_S13_0b2052_O0xO,KCNB1_489_501,KWtKRTLSETSsS*,TLSETSss_______
CAMK,CAMK2A,CAMK2A,46.15,184,-1.7723,120,Q9UQM7,CAMK2A,KCNB1_489_501_S13_0b2052_O0xO,KCNB1_489_501,KWtKRTLSETSsS*,TLSETSss_______
CMGC,CDK10,CDK10,46.08,185,-2.8775,196,Q15131,CDK10,KCNB1_489_501_S13_0b2052_O0xO,KCNB1_489_501,KWtKRTLSETSsS*,TLSETSss_______
CAMK,MYLK4,MYLK4,45.81,186,-3.128,211,Q86YV6,MYLK4,KCNB1_489_501_S13_0b2052_O0xO,KCNB1_489_501,KWtKRTLSETSsS*,TLSETSss_______
STE,MAP4K5,KHS1,45.61,187,-3.696,249,Q9Y4K4,KHS1,KCNB1_489_501_S13_0b2052_O0xO,KCNB1_489_501,KWtKRTLSETSsS*,TLSETSss_______
CAMK,MELK,MELK,45.44,188,-2.8981,198,Q14680,MELK,KCNB1_489_501_S13_0b2052_O0xO,KCNB1_489_501,KWtKRTLSETSsS*,TLSETSss_______
STE,MYO3B,MYO3B,45.44,188,-4.7935,284,Q8WXR4,MYO3B,KCNB1_489_501_S13_0b2052_O0xO,KCNB1_489_501,KWtKRTLSETSsS*,TLSETSss_______
STE,PAK4,PAK4,44.44,190,-5.0209,289,O96013,PAK4,KCNB1_489_501_S13_0b2052_O0xO,KCNB1_489_501,KWtKRTLSETSsS*,TLSETSss_______
CMGC,CDK18,CDK18,44.44,190,-2.5271,167,Q07002,CDK18,KCNB1_489_501_S13_0b2052_O0xO,KCNB1_489_501,KWtKRTLSETSsS*,TLSETSss_______
CMGC,MAPK7,ERK5,44.19,192,-1.2975,80,Q13164,ERK5,KCNB1_489_501_S13_0b2052_O0xO,KCNB1_489_501,KWtKRTLSETSsS*,TLSETSss_______
CAMK,DAPK1,DAPK1,43.72,193,-3.5137,237,P53355,DAPK1,KCNB1_489_501_S13_0b2052_O0xO,KCNB1_489_501,KWtKRTLSETSsS*,TLSETSss_______
CMGC,MAPK11,P38B,43.21,194,-2.2878,147,Q15759,P38B,KCNB1_489_501_S13_0b2052_O0xO,KCNB1_489_501,KWtKRTLSETSsS*,TLSETSss_______
CAMK,PIM3,PIM3,43.13,195,-1.6517,107,Q86V86,PIM3,KCNB1_489_501_S13_0b2052_O0xO,KCNB1_489_501,KWtKRTLSETSsS*,TLSETSss_______
CMGC,CDK4,CDK4,42.96,196,-2.8004,191,P11802,CDK4,KCNB1_489_501_S13_0b2052_O0xO,KCNB1_489_501,KWtKRTLSETSsS*,TLSETSss_______
CMGC,CDK14,CDK14,42.66,197,-2.4995,163,O94921,CDK14,KCNB1_489_501_S13_0b2052_O0xO,KCNB1_489_501,KWtKRTLSETSsS*,TLSETSss_______
CMGC,CDK15,CDK15,42.53,198,-1.7217,115,Q96Q40,CDK15,KCNB1_489_501_S13_0b2052_O0xO,KCNB1_489_501,KWtKRTLSETSsS*,TLSETSss_______
STE,PAK5,PAK5,42.42,199,-4.9273,287,Q9P286,PAK5,KCNB1_489_501_S13_0b2052_O0xO,KCNB1_489_501,KWtKRTLSETSsS*,TLSETSss_______
Other,NEK4,NEK4,42.1,200,-3.6344,246,P51957,NEK4,KCNB1_489_501_S13_0b2052_O0xO,KCNB1_489_501,KWtKRTLSETSsS*,TLSETSss_______
CAMK,CHEK2,CHK2,41.99,201,-4.1439,270,O96017,CHK2,KCNB1_489_501_S13_0b2052_O0xO,KCNB1_489_501,KWtKRTLSETSsS*,TLSETSss_______
CMGC,MAPK9,JNK2,41.87,202,-1.8532,126,P45984,JNK2,KCNB1_489_501_S13_0b2052_O0xO,KCNB1_489_501,KWtKRTLSETSsS*,TLSETSss_______
Other,WNK2,WNK2,41.83,203,-2.0464,134,Q9Y3S1,WNK2,KCNB1_489_501_S13_0b2052_O0xO,KCNB1_489_501,KWtKRTLSETSsS*,TLSETSss_______
STE,MAP4K4,HGK,41.78,204,-3.6246,243,O95819,HGK,KCNB1_489_501_S13_0b2052_O0xO,KCNB1_489_501,KWtKRTLSETSsS*,TLSETSss_______
Other,WNK1,WNK1,41.32,205,-2.2913,148,Q9H4A3,WNK1,KCNB1_489_501_S13_0b2052_O0xO,KCNB1_489_501,KWtKRTLSETSsS*,TLSETSss_______
AGC,PRKCD,PKCD,41.19,206,-2.5095,164,Q05655,PKCD,KCNB1_489_501_S13_0b2052_O0xO,KCNB1_489_501,KWtKRTLSETSsS*,TLSETSss_______
PDHK,PDK1,PDHK1,41.11,207,-1.4115,88,Q15118,PDHK1,KCNB1_489_501_S13_0b2052_O0xO,KCNB1_489_501,KWtKRTLSETSsS*,TLSETSss_______
CMGC,HIPK2,HIPK2,40.96,208,-2.5365,169,Q9H2X6,HIPK2,KCNB1_489_501_S13_0b2052_O0xO,KCNB1_489_501,KWtKRTLSETSsS*,TLSETSss_______
CMGC,CDK9,CDK9,40.83,209,-2.5176,165,P50750,CDK9,KCNB1_489_501_S13_0b2052_O0xO,KCNB1_489_501,KWtKRTLSETSsS*,TLSETSss_______
CAMK,SIK3,QSK,40.73,210,-3.3836,229,Q9Y2K2,QSK,KCNB1_489_501_S13_0b2052_O0xO,KCNB1_489_501,KWtKRTLSETSsS*,TLSETSss_______
AGC,RPS6KA4,MSK2,40.21,211,-3.169,216,O75676,MSK2,KCNB1_489_501_S13_0b2052_O0xO,KCNB1_489_501,KWtKRTLSETSsS*,TLSETSss_______
STE,PAK3,PAK3,39.86,212,-3.209,218,O75914,PAK3,KCNB1_489_501_S13_0b2052_O0xO,KCNB1_489_501,KWtKRTLSETSsS*,TLSETSss_______
Other,BMP2K,BIKE,39.69,213,-4.7968,285,Q9NSY1,BIKE,KCNB1_489_501_S13_0b2052_O0xO,KCNB1_489_501,KWtKRTLSETSsS*,TLSETSss_______
CAMK,CAMK1D,CAMK1D,39.68,214,-3.8225,256,Q8IU85,CAMK1D,KCNB1_489_501_S13_0b2052_O0xO,KCNB1_489_501,KWtKRTLSETSsS*,TLSETSss_______
CMGC,GSK3A,GSK3A,39.45,215,-0.1642,29,P49840,GSK3A,KCNB1_489_501_S13_0b2052_O0xO,KCNB1_489_501,KWtKRTLSETSsS*,TLSETSss_______
CMGC,DYRK4,DYRK4,39.25,216,-2.3171,150,Q9NR20,DYRK4,KCNB1_489_501_S13_0b2052_O0xO,KCNB1_489_501,KWtKRTLSETSsS*,TLSETSss_______
AGC,PKN3,PKN3,39.02,217,-1.331,81,Q6P5Z2,PKN3,KCNB1_489_501_S13_0b2052_O0xO,KCNB1_489_501,KWtKRTLSETSsS*,TLSETSss_______
AGC,STK38,NDR1,39.01,218,-2.859,194,Q15208,NDR1,KCNB1_489_501_S13_0b2052_O0xO,KCNB1_489_501,KWtKRTLSETSsS*,TLSETSss_______
CAMK,DCLK1,DCAMKL1,38.52,219,-2.7015,183,O15075,DCAMKL1,KCNB1_489_501_S13_0b2052_O0xO,KCNB1_489_501,KWtKRTLSETSsS*,TLSETSss_______
AGC,RPS6KB1,P70S6K,38.22,220,-4.1294,268,P23443,S6K1,KCNB1_489_501_S13_0b2052_O0xO,KCNB1_489_501,KWtKRTLSETSsS*,TLSETSss_______
STE,PAK1,PAK1,38,221,-3.1423,212,Q13153,PAK1,KCNB1_489_501_S13_0b2052_O0xO,KCNB1_489_501,KWtKRTLSETSsS*,TLSETSss_______
STE,PAK6,PAK6,37.87,222,-4.3175,273,Q9NQU5,PAK6,KCNB1_489_501_S13_0b2052_O0xO,KCNB1_489_501,KWtKRTLSETSsS*,TLSETSss_______
CAMK,NUAK1,NUAK1,37.66,223,-3.5307,238,O60285,NUAK1,KCNB1_489_501_S13_0b2052_O0xO,KCNB1_489_501,KWtKRTLSETSsS*,TLSETSss_______
CMGC,NLK,NLK,37.24,224,-0.8861,59,Q9UBE8,NLK,KCNB1_489_501_S13_0b2052_O0xO,KCNB1_489_501,KWtKRTLSETSsS*,TLSETSss_______
CAMK,MYLK2,SKMLCK,37.24,224,-3.9503,261,Q9H1R3,skMLCK,KCNB1_489_501_S13_0b2052_O0xO,KCNB1_489_501,KWtKRTLSETSsS*,TLSETSss_______
AGC,STK38L,NDR2,37.03,226,-2.7112,184,Q9Y2H1,NDR2,KCNB1_489_501_S13_0b2052_O0xO,KCNB1_489_501,KWtKRTLSETSsS*,TLSETSss_______
AGC,PRKACG,PKACG,36.79,227,-3.5814,240,P22612,PKACG,KCNB1_489_501_S13_0b2052_O0xO,KCNB1_489_501,KWtKRTLSETSsS*,TLSETSss_______
AGC,PDPK1,PDK1,36.71,228,-2.9777,206,O15530,PDK1,KCNB1_489_501_S13_0b2052_O0xO,KCNB1_489_501,KWtKRTLSETSsS*,TLSETSss_______
Other,NEK1,NEK1,36.59,229,-4.2463,271,Q96PY6,NEK1,KCNB1_489_501_S13_0b2052_O0xO,KCNB1_489_501,KWtKRTLSETSsS*,TLSETSss_______
CAMK,DAPK3,DAPK3,36.31,230,-3.9475,260,O43293,DAPK3,KCNB1_489_501_S13_0b2052_O0xO,KCNB1_489_501,KWtKRTLSETSsS*,TLSETSss_______
CAMK,PRKAA1,AMPKA1,36.27,231,-2.8324,193,Q13131,AMPKA1,KCNB1_489_501_S13_0b2052_O0xO,KCNB1_489_501,KWtKRTLSETSsS*,TLSETSss_______
CMGC,DYRK1B,DYRK1B,36.27,231,-2.7153,186,Q9Y463,DYRK1B,KCNB1_489_501_S13_0b2052_O0xO,KCNB1_489_501,KWtKRTLSETSsS*,TLSETSss_______
CAMK,CAMK2D,CAMK2D,36.21,233,-2.4622,162,Q13557,CAMK2D,KCNB1_489_501_S13_0b2052_O0xO,KCNB1_489_501,KWtKRTLSETSsS*,TLSETSss_______
CAMK,TSSK3,TSSK3,35.05,234,-4.4428,277,Q96PN8,TSSK3,KCNB1_489_501_S13_0b2052_O0xO,KCNB1_489_501,KWtKRTLSETSsS*,TLSETSss_______
CMGC,SRPK3,SRPK3,35.04,235,-2.521,166,Q9UPE1,SRPK3,KCNB1_489_501_S13_0b2052_O0xO,KCNB1_489_501,KWtKRTLSETSsS*,TLSETSss_______
Other,AURKB,AURB,33.5,236,-4.3238,275,Q96GD4,AURB,KCNB1_489_501_S13_0b2052_O0xO,KCNB1_489_501,KWtKRTLSETSsS*,TLSETSss_______
STE,STK10,LOK,33.49,237,-4.3106,272,O94804,LOK,KCNB1_489_501_S13_0b2052_O0xO,KCNB1_489_501,KWtKRTLSETSsS*,TLSETSss_______
AGC,RPS6KA5,MSK1,32.51,238,-3.8403,257,O75582,MSK1,KCNB1_489_501_S13_0b2052_O0xO,KCNB1_489_501,KWtKRTLSETSsS*,TLSETSss_______
CMGC,CDK7,CDK7,32.43,239,-2.7951,190,P50613,CDK7,KCNB1_489_501_S13_0b2052_O0xO,KCNB1_489_501,KWtKRTLSETSsS*,TLSETSss_______
CMGC,SRPK2,SRPK2,32.1,240,-2.9334,200,P78362,SRPK2,KCNB1_489_501_S13_0b2052_O0xO,KCNB1_489_501,KWtKRTLSETSsS*,TLSETSss_______
AGC,LATS2,LATS2,32,241,-3.4098,231,Q9NRM7,LATS2,KCNB1_489_501_S13_0b2052_O0xO,KCNB1_489_501,KWtKRTLSETSsS*,TLSETSss_______
CAMK,MYLK,SMMLCK,31.93,242,-3.486,235,Q15746,smMLCK,KCNB1_489_501_S13_0b2052_O0xO,KCNB1_489_501,KWtKRTLSETSsS*,TLSETSss_______
AGC,RPS6KA6,RSK4,31.22,243,-3.7754,252,Q9UK32,RSK4,KCNB1_489_501_S13_0b2052_O0xO,KCNB1_489_501,KWtKRTLSETSsS*,TLSETSss_______
CMGC,DYRK2,DYRK2,31.1,244,-2.5607,174,Q92630,DYRK2,KCNB1_489_501_S13_0b2052_O0xO,KCNB1_489_501,KWtKRTLSETSsS*,TLSETSss_______
STE,MAP3K14,NIK,30.84,245,-1.2499,79,Q99558,NIK,KCNB1_489_501_S13_0b2052_O0xO,KCNB1_489_501,KWtKRTLSETSsS*,TLSETSss_______
AGC,PRKG2,PKG2,30.75,246,-4.6229,280,Q13237,PKG2,KCNB1_489_501_S13_0b2052_O0xO,KCNB1_489_501,KWtKRTLSETSsS*,TLSETSss_______
CMGC,CLK2,CLK2,30.65,247,-3.0226,208,P49760,CLK2,KCNB1_489_501_S13_0b2052_O0xO,KCNB1_489_501,KWtKRTLSETSsS*,TLSETSss_______
CAMK,PASK,PASK,30.6,248,-3.5517,239,Q96RG2,PASK,KCNB1_489_501_S13_0b2052_O0xO,KCNB1_489_501,KWtKRTLSETSsS*,TLSETSss_______
TKL,LRRK2,LRRK2,30.53,249,-3.7878,253,Q5S007,LRRK2,KCNB1_489_501_S13_0b2052_O0xO,KCNB1_489_501,KWtKRTLSETSsS*,TLSETSss_______
CMGC,MAPK14,P38A,30.46,250,-2.4546,161,Q16539,P38A,KCNB1_489_501_S13_0b2052_O0xO,KCNB1_489_501,KWtKRTLSETSsS*,TLSETSss_______
AGC,LATS1,LATS1,30.25,251,-2.4496000000000002,159,O95835,LATS1,KCNB1_489_501_S13_0b2052_O0xO,KCNB1_489_501,KWtKRTLSETSsS*,TLSETSss_______
AGC,PRKG1,PKG1,30.08,252,-7.2728,311,Q13976,PKG1,KCNB1_489_501_S13_0b2052_O0xO,KCNB1_489_501,KWtKRTLSETSsS*,TLSETSss_______
CAMK,TSSK1B,TSSK1,30.03,253,-3.6291,244,Q9BXA7,TSSK1,KCNB1_489_501_S13_0b2052_O0xO,KCNB1_489_501,KWtKRTLSETSsS*,TLSETSss_______
CAMK,CAMK1,CAMK1A,29.88,254,-5.5034,295,Q14012,CAMK1A,KCNB1_489_501_S13_0b2052_O0xO,KCNB1_489_501,KWtKRTLSETSsS*,TLSETSss_______
CAMK,PRKAA2,AMPKA2,29.42,255,-3.5847,241,P54646,AMPKA2,KCNB1_489_501_S13_0b2052_O0xO,KCNB1_489_501,KWtKRTLSETSsS*,TLSETSss_______
PDHK,PDK4,PDHK4,29.34,256,-1.2254,77,Q16654,PDHK4,KCNB1_489_501_S13_0b2052_O0xO,KCNB1_489_501,KWtKRTLSETSsS*,TLSETSss_______
CMGC,SRPK1,SRPK1,29.07,257,-2.7158,187,Q96SB4,SRPK1,KCNB1_489_501_S13_0b2052_O0xO,KCNB1_489_501,KWtKRTLSETSsS*,TLSETSss_______
AGC,PRKX,PRKX,29.02,258,-5.4085,294,P51817,PRKX,KCNB1_489_501_S13_0b2052_O0xO,KCNB1_489_501,KWtKRTLSETSsS*,TLSETSss_______
CMGC,HIPK3,HIPK3,28.78,259,-2.9638,202,Q9H422,HIPK3,KCNB1_489_501_S13_0b2052_O0xO,KCNB1_489_501,KWtKRTLSETSsS*,TLSETSss_______
Other,AAK1,AAK1,28.39,260,-6.3683,306,Q2M2I8,AAK1,KCNB1_489_501_S13_0b2052_O0xO,KCNB1_489_501,KWtKRTLSETSsS*,TLSETSss_______
CMGC,DYRK3,DYRK3,27.95,261,-3.7952,254,O43781,DYRK3,KCNB1_489_501_S13_0b2052_O0xO,KCNB1_489_501,KWtKRTLSETSsS*,TLSETSss_______
CMGC,HIPK1,HIPK1,27.42,262,-2.9764,205,Q86Z02,HIPK1,KCNB1_489_501_S13_0b2052_O0xO,KCNB1_489_501,KWtKRTLSETSsS*,TLSETSss_______
CMGC,HIPK4,HIPK4,26.95,263,-2.6217,180,Q8NE63,HIPK4,KCNB1_489_501_S13_0b2052_O0xO,KCNB1_489_501,KWtKRTLSETSsS*,TLSETSss_______
AGC,RPS6KB2,P70S6KB,26.68,264,-2.9009,199,Q9UBS0,S6K2,KCNB1_489_501_S13_0b2052_O0xO,KCNB1_489_501,KWtKRTLSETSsS*,TLSETSss_______
Other,NEK3,NEK3,26.55,265,-5.0431,290,P51956,NEK3,KCNB1_489_501_S13_0b2052_O0xO,KCNB1_489_501,KWtKRTLSETSsS*,TLSETSss_______
CAMK,PRKD3,PRKD3,26.34,266,-3.8951,259,O94806,PKD3,KCNB1_489_501_S13_0b2052_O0xO,KCNB1_489_501,KWtKRTLSETSsS*,TLSETSss_______
CAMK,TSSK4,TSSK4,26,267,-3.2975,225,Q6SA08,TSSK4,KCNB1_489_501_S13_0b2052_O0xO,KCNB1_489_501,KWtKRTLSETSsS*,TLSETSss_______
CMGC,DYRK1A,DYRK1A,25.94,268,-3.3078,227,Q13627,DYRK1A,KCNB1_489_501_S13_0b2052_O0xO,KCNB1_489_501,KWtKRTLSETSsS*,TLSETSss_______
CAMK,STK11,LKB1,25.56,269,-3.8012,255,Q15831,LKB1,KCNB1_489_501_S13_0b2052_O0xO,KCNB1_489_501,KWtKRTLSETSsS*,TLSETSss_______
AGC,AKT1,AKT1,25.53,270,-4.9395,288,P31749,AKT1,KCNB1_489_501_S13_0b2052_O0xO,KCNB1_489_501,KWtKRTLSETSsS*,TLSETSss_______
CMGC,CDKL2,CDKL2,25.44,271,-3.1534,214,Q92772,CDKL2,KCNB1_489_501_S13_0b2052_O0xO,KCNB1_489_501,KWtKRTLSETSsS*,TLSETSss_______
CAMK,MKNK1,MNK1,24.85,272,-4.7121,282,Q9BUB5,MNK1,KCNB1_489_501_S13_0b2052_O0xO,KCNB1_489_501,KWtKRTLSETSsS*,TLSETSss_______
CMGC,CDKL1,CDKL1,24.82,273,-1.6266,104,Q00532,CDKL1,KCNB1_489_501_S13_0b2052_O0xO,KCNB1_489_501,KWtKRTLSETSsS*,TLSETSss_______
CAMK,NUAK2,NUAK2,24.37,274,-2.9748,204,Q9H093,NUAK2,KCNB1_489_501_S13_0b2052_O0xO,KCNB1_489_501,KWtKRTLSETSsS*,TLSETSss_______
AGC,ROCK1,ROCK1,24.34,275,-6.2155,304,Q13464,ROCK1,KCNB1_489_501_S13_0b2052_O0xO,KCNB1_489_501,KWtKRTLSETSsS*,TLSETSss_______
CAMK,PNCK,CAMK1B,24.06,276,-1.4695,96,Q6P2M8,CAMK1B,KCNB1_489_501_S13_0b2052_O0xO,KCNB1_489_501,KWtKRTLSETSsS*,TLSETSss_______
AGC,SGK3,SGK3,23.49,277,-4.3232,274,Q96BR1,SGK3,KCNB1_489_501_S13_0b2052_O0xO,KCNB1_489_501,KWtKRTLSETSsS*,TLSETSss_______
AGC,PRKACB,PKACB,23.05,278,-5.2238,292,P22694,PKACB,KCNB1_489_501_S13_0b2052_O0xO,KCNB1_489_501,KWtKRTLSETSsS*,TLSETSss_______
CAMK,PRKD1,PRKD1,22.82,279,-3.6954,248,Q15139,PKD1,KCNB1_489_501_S13_0b2052_O0xO,KCNB1_489_501,KWtKRTLSETSsS*,TLSETSss_______
Other,BUB1,BUB1,22.67,280,-5.5552,297,O43683,BUB1,KCNB1_489_501_S13_0b2052_O0xO,KCNB1_489_501,KWtKRTLSETSsS*,TLSETSss_______
Other,STK16,MPSK1,22.3,281,-3.8728,258,O75716,MPSK1,KCNB1_489_501_S13_0b2052_O0xO,KCNB1_489_501,KWtKRTLSETSsS*,TLSETSss_______
CAMK,MYLK3,CAMLCK,22.23,282,-1.6217,103,Q32MK0,caMLCK,KCNB1_489_501_S13_0b2052_O0xO,KCNB1_489_501,KWtKRTLSETSsS*,TLSETSss_______
AGC,ROCK2,ROCK2,21.73,283,-5.5386,296,O75116,ROCK2,KCNB1_489_501_S13_0b2052_O0xO,KCNB1_489_501,KWtKRTLSETSsS*,TLSETSss_______
AGC,RPS6KA2,RSK3,21.56,284,-3.9856,263,Q15349,RSK3,KCNB1_489_501_S13_0b2052_O0xO,KCNB1_489_501,KWtKRTLSETSsS*,TLSETSss_______
CAMK,PRKD2,PRKD2,21.53,285,-4.5135,279,Q9BZL6,PKD2,KCNB1_489_501_S13_0b2052_O0xO,KCNB1_489_501,KWtKRTLSETSsS*,TLSETSss_______
CAMK,CHEK1,CHK1,21.5,286,-3.393,230,O14757,CHK1,KCNB1_489_501_S13_0b2052_O0xO,KCNB1_489_501,KWtKRTLSETSsS*,TLSETSss_______
CMGC,CDKL5,CDKL5,21.35,287,-2.8259,192,O76039,CDKL5,KCNB1_489_501_S13_0b2052_O0xO,KCNB1_489_501,KWtKRTLSETSsS*,TLSETSss_______
Other,AURKC,AURC,20.42,288,-5.2921,293,Q9UQB9,AURC,KCNB1_489_501_S13_0b2052_O0xO,KCNB1_489_501,KWtKRTLSETSsS*,TLSETSss_______
CAMK,PIM1,PIM1,19.87,289,-3.148,213,P11309,PIM1,KCNB1_489_501_S13_0b2052_O0xO,KCNB1_489_501,KWtKRTLSETSsS*,TLSETSss_______
AGC,PRKACA,PKACA,19.74,290,-6.1315,303,P17612,PKACA,KCNB1_489_501_S13_0b2052_O0xO,KCNB1_489_501,KWtKRTLSETSsS*,TLSETSss_______
CMGC,MOK,MOK,19.58,291,-5.1738,291,Q9UQ07,MOK,KCNB1_489_501_S13_0b2052_O0xO,KCNB1_489_501,KWtKRTLSETSsS*,TLSETSss_______
CAMK,DAPK2,DAPK2,19.5,292,-1.7327,116,Q9UIK4,DAPK2,KCNB1_489_501_S13_0b2052_O0xO,KCNB1_489_501,KWtKRTLSETSsS*,TLSETSss_______
CMGC,CLK3,CLK3,18.97,293,-2.8962,197,P49761,CLK3,KCNB1_489_501_S13_0b2052_O0xO,KCNB1_489_501,KWtKRTLSETSsS*,TLSETSss_______
CMGC,GSK3B,GSK3B,18.33,294,-0.5641,45,P49841,GSK3B,KCNB1_489_501_S13_0b2052_O0xO,KCNB1_489_501,KWtKRTLSETSsS*,TLSETSss_______
AGC,CDC42BPB,MRCKB,18.11,295,-5.6928,298,Q9Y5S2,MRCKB,KCNB1_489_501_S13_0b2052_O0xO,KCNB1_489_501,KWtKRTLSETSsS*,TLSETSss_______
Other,PBK,PBK,17.57,296,-6.7357,310,Q96KB5,PBK,KCNB1_489_501_S13_0b2052_O0xO,KCNB1_489_501,KWtKRTLSETSsS*,TLSETSss_______
AGC,AKT3,AKT3,17.49,297,-6.6899,309,Q9Y243,AKT3,KCNB1_489_501_S13_0b2052_O0xO,KCNB1_489_501,KWtKRTLSETSsS*,TLSETSss_______
AGC,CIT,CRIK,17.12,298,-6.5045,307,O14578,CITRON,KCNB1_489_501_S13_0b2052_O0xO,KCNB1_489_501,KWtKRTLSETSsS*,TLSETSss_______
CMGC,CILK1,ICK,16.73,299,-6.3537,305,Q9UPZ9,ICK,KCNB1_489_501_S13_0b2052_O0xO,KCNB1_489_501,KWtKRTLSETSsS*,TLSETSss_______
AGC,AKT2,AKT2,15.55,300,-4.7041,281,P31751,AKT2,KCNB1_489_501_S13_0b2052_O0xO,KCNB1_489_501,KWtKRTLSETSsS*,TLSETSss_______
AGC,CDC42BPA,MRCKA,15.32,301,-5.8526,300,Q5VT25,MRCKA,KCNB1_489_501_S13_0b2052_O0xO,KCNB1_489_501,KWtKRTLSETSsS*,TLSETSss_______
CMGC,MAK,MAK,14.89,302,-5.7357,299,P20794,MAK,KCNB1_489_501_S13_0b2052_O0xO,KCNB1_489_501,KWtKRTLSETSsS*,TLSETSss_______
CAMK,MKNK2,MNK2,14.87,303,-4.7147,283,Q9HBH9,MNK2,KCNB1_489_501_S13_0b2052_O0xO,KCNB1_489_501,KWtKRTLSETSsS*,TLSETSss_______
CMGC,CLK1,CLK1,14.61,304,-4.8473,286,P49759,CLK1,KCNB1_489_501_S13_0b2052_O0xO,KCNB1_489_501,KWtKRTLSETSsS*,TLSETSss_______
CAMK,PIM2,PIM2,14.02,305,-4.3536,276,Q9P1W9,PIM2,KCNB1_489_501_S13_0b2052_O0xO,KCNB1_489_501,KWtKRTLSETSsS*,TLSETSss_______
AGC,DMPK,DMPK1,12.15,306,-6.6381,308,Q09013,DMPK1,KCNB1_489_501_S13_0b2052_O0xO,KCNB1_489_501,KWtKRTLSETSsS*,TLSETSss_______
AGC,RPS6KA3,RSK2,11.87,307,-4.1125,267,P51812,RSK2,KCNB1_489_501_S13_0b2052_O0xO,KCNB1_489_501,KWtKRTLSETSsS*,TLSETSss_______
AGC,RPS6KA1,P90RSK,11.64,308,-3.9916,264,Q15418,RSK1,KCNB1_489_501_S13_0b2052_O0xO,KCNB1_489_501,KWtKRTLSETSsS*,TLSETSss_______
Other,SBK1,SBK,10.56,309,-6.0143,302,Q52WX2,SBK,KCNB1_489_501_S13_0b2052_O0xO,KCNB1_489_501,KWtKRTLSETSsS*,TLSETSss_______
CMGC,CLK4,CLK4,9.54,310,-4.4935,278,Q9HAZ1,CLK4,KCNB1_489_501_S13_0b2052_O0xO,KCNB1_489_501,KWtKRTLSETSsS*,TLSETSss_______
AGC,SGK1,SGK1,8.87,311,-5.8677,301,O00141,SGK1,KCNB1_489_501_S13_0b2052_O0xO,KCNB1_489_501,KWtKRTLSETSsS*,TLSETSss_______
