sitePosition,siteLabel,siteSequence,leftSiteSequence,phosphoAcceptorSite,rightSiteSequence,score,scoreQuantile,scorePosition,scoreDistributionSize,scoreRank,quantileRank,id,name,geneName,type,normExclude,weakCatalyticActivity,motifGroup,peptide_id,sequence
8,S8,KFRTPSFLKKS_,KFRTP,S,FLKKS,-8.405105826895786,0.0035656010152897806,295,82735,303,299,169,CK2A2,CSNK2A2,STK,ST,FALSE,Other,ADDB_706_718_R5_0b129_O0xO,KKKFRtPS*FLKKs
8,S8,KFRTPSFLKKS_,KFRTP,S,FLKKS,-7.9584919045883655,0.010044116758324772,831,82735,302,298,170,CK2A1,CSNK2A1,STK,ST,FALSE,Other,ADDB_706_718_R5_0b129_O0xO,KKKFRtPS*FLKKs
8,S8,KFRTPSFLKKS_,KFRTP,S,FLKKS,-7.89985279468782,0.05504321024959207,4554,82735,301,295,283,FAM20C,FAM20C,STK,ST,FALSE,FAM20,ADDB_706_718_R5_0b129_O0xO,KKKFRtPS*FLKKs
8,S8,KFRTPSFLKKS_,KFRTP,S,FLKKS,-6.927553517550465,9.548558651115006e-4,79,82735,300,303,351,BMPR1A,BMPR1A,STK,ST,FALSE,TKL,ADDB_706_718_R5_0b129_O0xO,KKKFRtPS*FLKKs
8,S8,KFRTPSFLKKS_,KFRTP,S,FLKKS,-5.9724035826631114,0.45428174291412343,37585,82735,299,251,18,STLK3,STK39,STK,ST,FALSE,STE,ADDB_706_718_R5_0b129_O0xO,KKKFRtPS*FLKKs
8,S8,KFRTPSFLKKS_,KFRTP,S,FLKKS,-5.6781879003250015,0.39082613162506796,32335,82735,298,259,158,AAK1,AAK1,STK,ST,FALSE,Other,ADDB_706_718_R5_0b129_O0xO,KKKFRtPS*FLKKs
8,S8,KFRTPSFLKKS_,KFRTP,S,FLKKS,-5.57392322652738,0.0027436997643077296,227,82735,297,301,278,ALK2,ACVR1,STK,ST,FALSE,TKL,ADDB_706_718_R5_0b129_O0xO,KKKFRtPS*FLKKs
8,S8,KFRTPSFLKKS_,KFRTP,S,FLKKS,-5.340122665331979,0.0011603311778570133,96,82735,296,302,372,TGFBR1,TGFBR1,STK,ST,FALSE,TKL,ADDB_706_718_R5_0b129_O0xO,KKKFRtPS*FLKKs
8,S8,KFRTPSFLKKS_,KFRTP,S,FLKKS,-5.213666461371835,0.29607783888318123,24496,82735,295,271,395,BIKE,BMP2K,STK,ST,FALSE,Other,ADDB_706_718_R5_0b129_O0xO,KKKFRtPS*FLKKs
8,S8,KFRTPSFLKKS_,KFRTP,S,FLKKS,-4.988437571993276,0.17647912008219013,14601,82735,294,284,291,CAMKK1,CAMKK1,STK,ST,FALSE,Other,ADDB_706_718_R5_0b129_O0xO,KKKFRtPS*FLKKs
8,S8,KFRTPSFLKKS_,KFRTP,S,FLKKS,-4.909963774357224,0.12318849338248625,10192,82735,293,288,292,CAMKK2,CAMKK2,STK,ST,FALSE,Other,ADDB_706_718_R5_0b129_O0xO,KKKFRtPS*FLKKs
8,S8,KFRTPSFLKKS_,KFRTP,S,FLKKS,-4.882706884687003,0.042158699462138155,3488,82735,292,296,171,TLK2,TLK2,STK,ST,FALSE,Other,ADDB_706_718_R5_0b129_O0xO,KKKFRtPS*FLKKs
8,S8,KFRTPSFLKKS_,KFRTP,S,FLKKS,-4.7820367841858245,0.10919199854958603,9034,82735,291,289,4,P38D,MAPK13,STK,ST,FALSE,CMGC,ADDB_706_718_R5_0b129_O0xO,KKKFRtPS*FLKKs
8,S8,KFRTPSFLKKS_,KFRTP,S,FLKKS,-4.777693813231389,0.0032876050039282044,272,82735,290,300,347,BMPR1B,BMPR1B,STK,ST,FALSE,TKL,ADDB_706_718_R5_0b129_O0xO,KKKFRtPS*FLKKs
8,S8,KFRTPSFLKKS_,KFRTP,S,FLKKS,-4.738581828200866,0.014661267903547472,1213,82735,289,297,391,ACVR2B,ACVR2B,STK,ST,FALSE,TKL,ADDB_706_718_R5_0b129_O0xO,KKKFRtPS*FLKKs
8,S8,KFRTPSFLKKS_,KFRTP,S,FLKKS,-4.460493183052582,0.09952257206744425,8234,82735,288,291,328,GRK4,GRK4,STK,ST,FALSE,AGC,ADDB_706_718_R5_0b129_O0xO,KKKFRtPS*FLKKs
8,S8,KFRTPSFLKKS_,KFRTP,S,FLKKS,-4.2246812269403575,0.5675469873693116,46956,82735,287,238,192,TTK,TTK,STK,ST,FALSE,Other,ADDB_706_718_R5_0b129_O0xO,KKKFRtPS*FLKKs
8,S8,KFRTPSFLKKS_,KFRTP,S,FLKKS,-4.073608714525062,0.1312745512781773,10861,82735,286,287,148,CDK8,CDK8,STK,ST,FALSE,CMGC,ADDB_706_718_R5_0b129_O0xO,KKKFRtPS*FLKKs
8,S8,KFRTPSFLKKS_,KFRTP,S,FLKKS,-4.052279564457129,0.10349912370822506,8563,82735,285,290,2,P38B,MAPK11,STK,ST,FALSE,CMGC,ADDB_706_718_R5_0b129_O0xO,KKKFRtPS*FLKKs
8,S8,KFRTPSFLKKS_,KFRTP,S,FLKKS,-4.014922070590973,0.24976128603372214,20664,82735,284,276,35,CDK19,CDK19,STK,ST,FALSE,CMGC,ADDB_706_718_R5_0b129_O0xO,KKKFRtPS*FLKKs
8,S8,KFRTPSFLKKS_,KFRTP,S,FLKKS,-3.920025613007091,0.07481718740557201,6190,82735,283,294,260,ATM,ATM,STK,ST,FALSE,PIKK,ADDB_706_718_R5_0b129_O0xO,KKKFRtPS*FLKKs
8,S8,KFRTPSFLKKS_,KFRTP,S,FLKKS,-3.6980995309547136,0.49236719647065935,40736,82735,282,247,96,MEK2,MAP2K2,STK,ST,TRUE,STE,ADDB_706_718_R5_0b129_O0xO,KKKFRtPS*FLKKs
8,S8,KFRTPSFLKKS_,KFRTP,S,FLKKS,-3.694525062200675,0.26795189460325136,22169,82735,281,273,200,IKKA,CHUK,STK,ST,FALSE,Other,ADDB_706_718_R5_0b129_O0xO,KKKFRtPS*FLKKs
8,S8,KFRTPSFLKKS_,KFRTP,S,FLKKS,-3.6517201815765854,0.0896234967063516,7415,82735,280,292,60,SMG1,SMG1,STK,ST,FALSE,PIKK,ADDB_706_718_R5_0b129_O0xO,KKKFRtPS*FLKKs
8,S8,KFRTPSFLKKS_,KFRTP,S,FLKKS,-3.6251002786079076,0.3033661690940956,25099,82735,279,268,172,TLK1,TLK1,STK,ST,FALSE,Other,ADDB_706_718_R5_0b129_O0xO,KKKFRtPS*FLKKs
8,S8,KFRTPSFLKKS_,KFRTP,S,FLKKS,-3.58955504533235,0.600749380552366,49703,82735,278,230,317,OSR1,OXSR1,STK,ST,FALSE,STE,ADDB_706_718_R5_0b129_O0xO,KKKFRtPS*FLKKs
8,S8,KFRTPSFLKKS_,KFRTP,S,FLKKS,-3.5704260732079263,0.24406841119236114,20193,82735,277,277,207,BCKDK,BCKDK,STK,ST,FALSE,PDHK,ADDB_706_718_R5_0b129_O0xO,KKKFRtPS*FLKKs
8,S8,KFRTPSFLKKS_,KFRTP,S,FLKKS,-3.504425265756174,0.17275639088656555,14293,82735,276,285,176,JNK1,MAPK8,STK,ST,FALSE,CMGC,ADDB_706_718_R5_0b129_O0xO,KKKFRtPS*FLKKs
8,S8,KFRTPSFLKKS_,KFRTP,S,FLKKS,-3.288058379506963,0.5381640176467033,44525,82735,275,244,271,MST2,STK3,STK,ST,FALSE,STE,ADDB_706_718_R5_0b129_O0xO,KKKFRtPS*FLKKs
8,S8,KFRTPSFLKKS_,KFRTP,S,FLKKS,-3.2463294819519035,0.16863479784855262,13952,82735,274,286,392,ACVR2A,ACVR2A,STK,ST,FALSE,TKL,ADDB_706_718_R5_0b129_O0xO,KKKFRtPS*FLKKs
8,S8,KFRTPSFLKKS_,KFRTP,S,FLKKS,-3.1992461877682477,0.6328156161237687,52356,82735,273,224,117,VRK1,VRK1,STK,ST,FALSE,CK1,ADDB_706_718_R5_0b129_O0xO,KKKFRtPS*FLKKs
8,S8,KFRTPSFLKKS_,KFRTP,S,FLKKS,-3.13473470130724,0.45323019278419047,37498,82735,272,252,37,PLK2,PLK2,STK,ST,FALSE,Other,ADDB_706_718_R5_0b129_O0xO,KKKFRtPS*FLKKs
8,S8,KFRTPSFLKKS_,KFRTP,S,FLKKS,-3.1267333212400517,0.23559557623738442,19492,82735,271,280,63,CK1G2,CSNK1G2,STK,ST,FALSE,CK1,ADDB_706_718_R5_0b129_O0xO,KKKFRtPS*FLKKs
8,S8,KFRTPSFLKKS_,KFRTP,S,FLKKS,-3.1174590607753316,0.2983018069740738,24680,82735,270,270,143,NEK6,NEK6,STK,ST,FALSE,Other,ADDB_706_718_R5_0b129_O0xO,KKKFRtPS*FLKKs
8,S8,KFRTPSFLKKS_,KFRTP,S,FLKKS,-3.028857571772821,0.2984347615882033,24691,82735,269,269,66,DSTYK,DSTYK,STK,ST,FALSE,TKL,ADDB_706_718_R5_0b129_O0xO,KKKFRtPS*FLKKs
8,S8,KFRTPSFLKKS_,KFRTP,S,FLKKS,-3.0149221699389073,0.2380008460748172,19691,82735,268,278,321,PRP4,PRPF4B,STK,ST,FALSE,CMGC,ADDB_706_718_R5_0b129_O0xO,KKKFRtPS*FLKKs
8,S8,KFRTPSFLKKS_,KFRTP,S,FLKKS,-2.965724576001888,0.34795431195987186,28788,82735,267,261,144,NEK7,NEK7,STK,ST,FALSE,Other,ADDB_706_718_R5_0b129_O0xO,KKKFRtPS*FLKKs
8,S8,KFRTPSFLKKS_,KFRTP,S,FLKKS,-2.9233621340358544,0.3278902520094277,27128,82735,266,266,10,P38G,MAPK12,STK,ST,FALSE,CMGC,ADDB_706_718_R5_0b129_O0xO,KKKFRtPS*FLKKs
8,S8,KFRTPSFLKKS_,KFRTP,S,FLKKS,-2.877480918521543,0.44128845107874537,36510,82735,265,255,194,LKB1,STK11,STK,ST,FALSE,CAMK,ADDB_706_718_R5_0b129_O0xO,KKKFRtPS*FLKKs
8,S8,KFRTPSFLKKS_,KFRTP,S,FLKKS,-2.8681975835229867,0.3348764126427751,27706,82735,264,265,281,KIS,UHMK1,STK,ST,FALSE,Other,ADDB_706_718_R5_0b129_O0xO,KKKFRtPS*FLKKs
8,S8,KFRTPSFLKKS_,KFRTP,S,FLKKS,-2.860988378223075,0.6547531274551278,54171,82735,263,219,368,AlphaK3,ALPK1,STK,ST,FALSE,Alpha,ADDB_706_718_R5_0b129_O0xO,KKKFRtPS*FLKKs
8,S8,KFRTPSFLKKS_,KFRTP,S,FLKKS,-2.8565268398716928,0.6779839245784735,56093,82735,262,216,28,TAK1,MAP3K7,STK,ST,FALSE,TKL,ADDB_706_718_R5_0b129_O0xO,KKKFRtPS*FLKKs
8,S8,KFRTPSFLKKS_,KFRTP,S,FLKKS,-2.6806880338563044,0.20473801897624946,16939,82735,261,282,179,JNK3,MAPK10,STK,ST,FALSE,CMGC,ADDB_706_718_R5_0b129_O0xO,KKKFRtPS*FLKKs
8,S8,KFRTPSFLKKS_,KFRTP,S,FLKKS,-2.6339792612030313,0.23610322112769686,19534,82735,260,279,64,CK1A,CSNK1A1,STK,ST,FALSE,CK1,ADDB_706_718_R5_0b129_O0xO,KKKFRtPS*FLKKs
8,S8,KFRTPSFLKKS_,KFRTP,S,FLKKS,-2.5899085086612788,0.4159182933462259,34411,82735,259,257,40,BRAF,BRAF,STK,ST,TRUE,TKL,ADDB_706_718_R5_0b129_O0xO,KKKFRtPS*FLKKs
8,S8,KFRTPSFLKKS_,KFRTP,S,FLKKS,-2.5709088888595764,0.29069922040248986,24051,82735,258,272,209,PINK1,PINK1,STK,ST,FALSE,Other,ADDB_706_718_R5_0b129_O0xO,KKKFRtPS*FLKKs
8,S8,KFRTPSFLKKS_,KFRTP,S,FLKKS,-2.421796606645512,0.26374569408351967,21821,82735,257,274,322,GRK1,GRK1,STK,ST,FALSE,AGC,ADDB_706_718_R5_0b129_O0xO,KKKFRtPS*FLKKs
8,S8,KFRTPSFLKKS_,KFRTP,S,FLKKS,-2.403406208022504,0.6736447694446123,55734,82735,256,217,110,NEK3,NEK3,STK,ST,FALSE,Other,ADDB_706_718_R5_0b129_O0xO,KKKFRtPS*FLKKs
8,S8,KFRTPSFLKKS_,KFRTP,S,FLKKS,-2.3638552605756207,0.7510847887834653,62141,82735,255,194,300,PAK4,PAK4,STK,ST,FALSE,STE,ADDB_706_718_R5_0b129_O0xO,KKKFRtPS*FLKKs
8,S8,KFRTPSFLKKS_,KFRTP,S,FLKKS,-2.332705490933049,0.21761044298060073,18004,82735,254,281,268,ERK5,MAPK7,STK,ST,FALSE,CMGC,ADDB_706_718_R5_0b129_O0xO,KKKFRtPS*FLKKs
8,S8,KFRTPSFLKKS_,KFRTP,S,FLKKS,-2.1589698913441,0.4114461835982353,34041,82735,253,258,353,DYRK4,DYRK4,STK,ST,FALSE,CMGC,ADDB_706_718_R5_0b129_O0xO,KKKFRtPS*FLKKs
8,S8,KFRTPSFLKKS_,KFRTP,S,FLKKS,-2.1474367227095343,0.5510847887834652,45594,82735,252,242,249,MEKK1,MAP3K1,STK,ST,FALSE,STE,ADDB_706_718_R5_0b129_O0xO,KKKFRtPS*FLKKs
8,S8,KFRTPSFLKKS_,KFRTP,S,FLKKS,-2.1385024152341394,0.45798029854354266,37891,82735,251,250,266,ERK1,MAPK3,STK,ST,FALSE,CMGC,ADDB_706_718_R5_0b129_O0xO,KKKFRtPS*FLKKs
8,S8,KFRTPSFLKKS_,KFRTP,S,FLKKS,-2.1318291631546287,0.362627666646522,30002,82735,250,260,178,JNK2,MAPK9,STK,ST,FALSE,CMGC,ADDB_706_718_R5_0b129_O0xO,KKKFRtPS*FLKKs
8,S8,KFRTPSFLKKS_,KFRTP,S,FLKKS,-2.1114141225366456,0.8382546685199734,69353,82735,249,171,180,MYO3B,MYO3B,STK,ST,FALSE,STE,ADDB_706_718_R5_0b129_O0xO,KKKFRtPS*FLKKs
8,S8,KFRTPSFLKKS_,KFRTP,S,FLKKS,-2.1054012400799254,0.7125279506859249,58951,82735,248,204,279,GAK,GAK,STK,ST,FALSE,Other,ADDB_706_718_R5_0b129_O0xO,KKKFRtPS*FLKKs
8,S8,KFRTPSFLKKS_,KFRTP,S,FLKKS,-2.0615333362076407,0.5737354203178824,47468,82735,247,236,142,NEK5,NEK5,STK,ST,FALSE,Other,ADDB_706_718_R5_0b129_O0xO,KKKFRtPS*FLKKs
8,S8,KFRTPSFLKKS_,KFRTP,S,FLKKS,-2.050269044755503,0.6943977760319091,57451,82735,246,210,141,NEK4,NEK4,STK,ST,FALSE,Other,ADDB_706_718_R5_0b129_O0xO,KKKFRtPS*FLKKs
8,S8,KFRTPSFLKKS_,KFRTP,S,FLKKS,-2.0026120967163052,0.18617272013053726,15403,82735,245,283,276,ALK4,ACVR1B,STK,ST,FALSE,TKL,ADDB_706_718_R5_0b129_O0xO,KKKFRtPS*FLKKs
8,S8,KFRTPSFLKKS_,KFRTP,S,FLKKS,-1.9753495709416842,0.7513023508793135,62159,82735,244,193,107,NEK1,NEK1,STK,ST,FALSE,Other,ADDB_706_718_R5_0b129_O0xO,KKKFRtPS*FLKKs
8,S8,KFRTPSFLKKS_,KFRTP,S,FLKKS,-1.9659379981339504,0.44777905360488307,37047,82735,243,254,149,CDK7,CDK7,STK,ST,FALSE,CMGC,ADDB_706_718_R5_0b129_O0xO,KKKFRtPS*FLKKs
8,S8,KFRTPSFLKKS_,KFRTP,S,FLKKS,-1.9094358769856306,0.34566990995346586,28599,82735,242,262,330,GRK6,GRK6,STK,ST,FALSE,AGC,ADDB_706_718_R5_0b129_O0xO,KKKFRtPS*FLKKs
8,S8,KFRTPSFLKKS_,KFRTP,S,FLKKS,-1.8914135660981053,0.5086601800930682,42084,82735,241,246,51,CDK13,CDK13,STK,ST,FALSE,CMGC,ADDB_706_718_R5_0b129_O0xO,KKKFRtPS*FLKKs
8,S8,KFRTPSFLKKS_,KFRTP,S,FLKKS,-1.8835471082337911,0.881779174472714,72954,82735,240,150,183,MYO3A,MYO3A,STK,ST,FALSE,STE,ADDB_706_718_R5_0b129_O0xO,KKKFRtPS*FLKKs
8,S8,KFRTPSFLKKS_,KFRTP,S,FLKKS,-1.8415700575705662,0.634000120867831,52454,82735,239,223,289,PERK,EIF2AK3,STK,ST,FALSE,Other,ADDB_706_718_R5_0b129_O0xO,KKKFRtPS*FLKKs
8,S8,KFRTPSFLKKS_,KFRTP,S,FLKKS,-1.8280517136034633,0.4798936363086964,39704,82735,238,249,293,DNAPK,PRKDC,STK,ST,FALSE,PIKK,ADDB_706_718_R5_0b129_O0xO,KKKFRtPS*FLKKs
8,S8,KFRTPSFLKKS_,KFRTP,S,FLKKS,-1.7499218606097127,0.4325134465462017,35784,82735,237,256,3,P38A,MAPK14,STK,ST,FALSE,CMGC,ADDB_706_718_R5_0b129_O0xO,KKKFRtPS*FLKKs
8,S8,KFRTPSFLKKS_,KFRTP,S,FLKKS,-1.5863425942431362,0.6043149815676557,49998,82735,236,229,108,NEK2,NEK2,STK,ST,FALSE,Other,ADDB_706_718_R5_0b129_O0xO,KKKFRtPS*FLKKs
8,S8,KFRTPSFLKKS_,KFRTP,S,FLKKS,-1.580211987727545,0.34255151991297517,28341,82735,235,263,174,PDHK1,PDK1,STK,STY,FALSE,PDHK,ADDB_706_718_R5_0b129_O0xO,KKKFRtPS*FLKKs
8,S8,KFRTPSFLKKS_,KFRTP,S,FLKKS,-1.5557297520563693,0.5516891279385991,45644,82735,234,241,140,NEK9,NEK9,STK,ST,FALSE,Other,ADDB_706_718_R5_0b129_O0xO,KKKFRtPS*FLKKs
8,S8,KFRTPSFLKKS_,KFRTP,S,FLKKS,-1.5044615904467822,0.5635220885961202,46623,82735,233,240,50,CDK12,CDK12,STK,ST,FALSE,CMGC,ADDB_706_718_R5_0b129_O0xO,KKKFRtPS*FLKKs
8,S8,KFRTPSFLKKS_,KFRTP,S,FLKKS,-1.5017368884518505,0.730911947785097,60472,82735,232,200,336,MARK2,MARK2,STK,ST,FALSE,CAMK,ADDB_706_718_R5_0b129_O0xO,KKKFRtPS*FLKKs
8,S8,KFRTPSFLKKS_,KFRTP,S,FLKKS,-1.4786459233764733,0.608315706774642,50329,82735,231,227,65,CK1G3,CSNK1G3,STK,ST,FALSE,CK1,ADDB_706_718_R5_0b129_O0xO,KKKFRtPS*FLKKs
8,S8,KFRTPSFLKKS_,KFRTP,S,FLKKS,-1.4641166888285677,0.5910074333716081,48897,82735,230,233,94,MEK1,MAP2K1,STK,ST,TRUE,STE,ADDB_706_718_R5_0b129_O0xO,KKKFRtPS*FLKKs
8,S8,KFRTPSFLKKS_,KFRTP,S,FLKKS,-1.4258823294112122,0.7325074031546503,60604,82735,229,199,252,MEKK2,MAP3K2,STK,ST,FALSE,STE,ADDB_706_718_R5_0b129_O0xO,KKKFRtPS*FLKKs
8,S8,KFRTPSFLKKS_,KFRTP,S,FLKKS,-1.4214006943401436,0.6113011422010032,50576,82735,228,226,30,CDK17,CDK17,STK,ST,FALSE,CMGC,ADDB_706_718_R5_0b129_O0xO,KKKFRtPS*FLKKs
8,S8,KFRTPSFLKKS_,KFRTP,S,FLKKS,-1.4124188953469745,0.4529884571221369,37478,82735,227,253,41,CDC7,CDC7,STK,ST,FALSE,Other,ADDB_706_718_R5_0b129_O0xO,KKKFRtPS*FLKKs
8,S8,KFRTPSFLKKS_,KFRTP,S,FLKKS,-1.4108802765657171,0.8802320662355714,72826,82735,226,152,275,MST1,STK4,STK,ST,FALSE,STE,ADDB_706_718_R5_0b129_O0xO,KKKFRtPS*FLKKs
8,S8,KFRTPSFLKKS_,KFRTP,S,FLKKS,-1.4039327789802423,0.5154529521967728,42646,82735,225,245,92,HIPK2,HIPK2,STK,ST,FALSE,CMGC,ADDB_706_718_R5_0b129_O0xO,KKKFRtPS*FLKKs
8,S8,KFRTPSFLKKS_,KFRTP,S,FLKKS,-1.3242686788337383,0.3423581313833323,28325,82735,224,264,325,GRK5,GRK5,STK,ST,FALSE,AGC,ADDB_706_718_R5_0b129_O0xO,KKKFRtPS*FLKKs
8,S8,KFRTPSFLKKS_,KFRTP,S,FLKKS,-1.3209178670594146,0.5663141354928386,46854,82735,223,239,118,VRK2,VRK2,STK,ST,FALSE,CK1,ADDB_706_718_R5_0b129_O0xO,KKKFRtPS*FLKKs
8,S8,KFRTPSFLKKS_,KFRTP,S,FLKKS,-1.2998987083634346,0.5726959569710521,47382,82735,222,237,33,CDK18,CDK18,STK,ST,FALSE,CMGC,ADDB_706_718_R5_0b129_O0xO,KKKFRtPS*FLKKs
8,S8,KFRTPSFLKKS_,KFRTP,S,FLKKS,-1.2845585911304283,0.578654741040672,47875,82735,221,234,147,CDK9,CDK9,STK,ST,FALSE,CMGC,ADDB_706_718_R5_0b129_O0xO,KKKFRtPS*FLKKs
8,S8,KFRTPSFLKKS_,KFRTP,S,FLKKS,-1.2596255651379815,0.9287725871759231,76842,82735,220,106,89,ASK1,MAP3K5,STK,ST,FALSE,STE,ADDB_706_718_R5_0b129_O0xO,KKKFRtPS*FLKKs
8,S8,KFRTPSFLKKS_,KFRTP,S,FLKKS,-1.2574925823647125,0.7387562700187346,61121,82735,219,196,204,IKKE,IKBKE,STK,ST,FALSE,Other,ADDB_706_718_R5_0b129_O0xO,KKKFRtPS*FLKKs
8,S8,KFRTPSFLKKS_,KFRTP,S,FLKKS,-1.2130115933489813,0.6539674865534538,54106,82735,218,220,269,ERK7,MAPK15,STK,ST,FALSE,CMGC,ADDB_706_718_R5_0b129_O0xO,KKKFRtPS*FLKKs
8,S8,KFRTPSFLKKS_,KFRTP,S,FLKKS,-1.1876871192951577,0.8047742793255575,66583,82735,217,180,232,ULK1,ULK1,STK,ST,FALSE,Other,ADDB_706_718_R5_0b129_O0xO,KKKFRtPS*FLKKs
8,S8,KFRTPSFLKKS_,KFRTP,S,FLKKS,-1.18261746479962,0.8222638544751314,68030,82735,216,176,299,PAK5,PAK5,STK,ST,FALSE,STE,ADDB_706_718_R5_0b129_O0xO,KKKFRtPS*FLKKs
8,S8,KFRTPSFLKKS_,KFRTP,S,FLKKS,-1.108727372470454,0.7869825345984166,65111,82735,215,184,388,BUB1,BUB1,STK,ST,FALSE,Other,ADDB_706_718_R5_0b129_O0xO,KKKFRtPS*FLKKs
8,S8,KFRTPSFLKKS_,KFRTP,S,FLKKS,-1.0891323924186727,0.08602163534175379,7117,82735,214,293,166,BMPR2,BMPR2,STK,ST,FALSE,TKL,ADDB_706_718_R5_0b129_O0xO,KKKFRtPS*FLKKs
8,S8,KFRTPSFLKKS_,KFRTP,S,FLKKS,-1.0791313831906737,0.7213029552184687,59677,82735,213,202,369,HUNK,HUNK,STK,ST,FALSE,CAMK,ADDB_706_718_R5_0b129_O0xO,KKKFRtPS*FLKKs
8,S8,KFRTPSFLKKS_,KFRTP,S,FLKKS,-1.0476946301095775,0.705263794041216,58350,82735,212,206,21,MPSK1,STK16,STK,ST,FALSE,Other,ADDB_706_718_R5_0b129_O0xO,KKKFRtPS*FLKKs
8,S8,KFRTPSFLKKS_,KFRTP,S,FLKKS,-1.0273698731782481,0.25622771499365443,21199,82735,211,275,303,MOS,MOS,STK,ST,FALSE,Other,ADDB_706_718_R5_0b129_O0xO,KKKFRtPS*FLKKs
8,S8,KFRTPSFLKKS_,KFRTP,S,FLKKS,-0.9941457625190001,0.4807397111258839,39774,82735,210,248,88,HIPK4,HIPK4,STK,ST,FALSE,CMGC,ADDB_706_718_R5_0b129_O0xO,KKKFRtPS*FLKKs
8,S8,KFRTPSFLKKS_,KFRTP,S,FLKKS,-0.9694094448567678,0.593448963558349,49099,82735,209,232,267,ERK2,MAPK1,STK,ST,FALSE,CMGC,ADDB_706_718_R5_0b129_O0xO,KKKFRtPS*FLKKs
8,S8,KFRTPSFLKKS_,KFRTP,S,FLKKS,-0.9548980607483462,0.7482323079712334,61905,82735,208,195,182,PKR,EIF2AK2,STK,ST,FALSE,Other,ADDB_706_718_R5_0b129_O0xO,KKKFRtPS*FLKKs
8,S8,KFRTPSFLKKS_,KFRTP,S,FLKKS,-0.9416188210876975,0.5737595938840877,47470,82735,207,235,323,GRK3,GRK3,STK,ST,FALSE,AGC,ADDB_706_718_R5_0b129_O0xO,KKKFRtPS*FLKKs
8,S8,KFRTPSFLKKS_,KFRTP,S,FLKKS,-0.935339854476888,0.6971052154469088,57675,82735,206,209,34,PLK3,PLK3,STK,ST,FALSE,Other,ADDB_706_718_R5_0b129_O0xO,KKKFRtPS*FLKKs
8,S8,KFRTPSFLKKS_,KFRTP,S,FLKKS,-0.9049544939008632,0.8621139783646582,71327,82735,205,161,67,PBK,PBK,STK,ST,FALSE,Other,ADDB_706_718_R5_0b129_O0xO,KKKFRtPS*FLKKs
8,S8,KFRTPSFLKKS_,KFRTP,S,FLKKS,-0.793230678000958,0.6938538707922887,57406,82735,204,211,309,MLK2,MAP3K10,STK,ST,FALSE,TKL,ADDB_706_718_R5_0b129_O0xO,KKKFRtPS*FLKKs
8,S8,KFRTPSFLKKS_,KFRTP,S,FLKKS,-0.7859933418487537,0.643887109445821,53272,82735,203,222,203,IKKB,IKBKB,STK,ST,FALSE,Other,ADDB_706_718_R5_0b129_O0xO,KKKFRtPS*FLKKs
8,S8,KFRTPSFLKKS_,KFRTP,S,FLKKS,-0.7507633289060607,0.6479603553514233,53609,82735,202,221,55,CDK16,CDK16,STK,ST,FALSE,CMGC,ADDB_706_718_R5_0b129_O0xO,KKKFRtPS*FLKKs
8,S8,KFRTPSFLKKS_,KFRTP,S,FLKKS,-0.7343349543905489,0.8661388771378498,71660,82735,201,158,326,IRAK1,IRAK1,STK,ST,FALSE,TKL,ADDB_706_718_R5_0b129_O0xO,KKKFRtPS*FLKKs
8,S8,KFRTPSFLKKS_,KFRTP,S,FLKKS,-0.6395499974138776,0.9232851876473077,76388,82735,200,115,53,MINK,MINK1,STK,ST,FALSE,STE,ADDB_706_718_R5_0b129_O0xO,KKKFRtPS*FLKKs
8,S8,KFRTPSFLKKS_,KFRTP,S,FLKKS,-0.6189150738987159,0.9323502749743156,77138,82735,199,103,191,YSK1,STK25,STK,ST,FALSE,STE,ADDB_706_718_R5_0b129_O0xO,KKKFRtPS*FLKKs
8,S8,KFRTPSFLKKS_,KFRTP,S,FLKKS,-0.586684019142161,0.8320299752220947,68838,82735,198,174,17,DAPK3,DAPK3,STK,ST,FALSE,CAMK,ADDB_706_718_R5_0b129_O0xO,KKKFRtPS*FLKKs
8,S8,KFRTPSFLKKS_,KFRTP,S,FLKKS,-0.5637400807103918,0.8524324650994138,70526,82735,197,163,54,HRI,EIF2AK1,STK,ST,FALSE,Other,ADDB_706_718_R5_0b129_O0xO,KKKFRtPS*FLKKs
8,S8,KFRTPSFLKKS_,KFRTP,S,FLKKS,-0.5414012255994551,0.613367982111561,50747,82735,196,225,173,PDHK4,PDK4,STK,STY,FALSE,PDHK,ADDB_706_718_R5_0b129_O0xO,KKKFRtPS*FLKKs
8,S8,KFRTPSFLKKS_,KFRTP,S,FLKKS,-0.5367375515528479,0.5458995588324167,45165,82735,195,243,357,DYRK2,DYRK2,STK,ST,FALSE,CMGC,ADDB_706_718_R5_0b129_O0xO,KKKFRtPS*FLKKs
8,S8,KFRTPSFLKKS_,KFRTP,S,FLKKS,-0.49929849901001655,0.6901553151628694,57100,82735,194,213,25,PRKD1,PRKD1,STK,ST,FALSE,CAMK,ADDB_706_718_R5_0b129_O0xO,KKKFRtPS*FLKKs
8,S8,KFRTPSFLKKS_,KFRTP,S,FLKKS,-0.494194731409177,0.7806853206019218,64590,82735,193,186,334,MARK4,MARK4,STK,ST,FALSE,CAMK,ADDB_706_718_R5_0b129_O0xO,KKKFRtPS*FLKKs
8,S8,KFRTPSFLKKS_,KFRTP,S,FLKKS,-0.4937820582083032,0.8317640659938358,68816,82735,192,175,366,GCN2,EIF2AK4,STK,ST,FALSE,Other,ADDB_706_718_R5_0b129_O0xO,KKKFRtPS*FLKKs
8,S8,KFRTPSFLKKS_,KFRTP,S,FLKKS,-0.49251730329604015,0.7615882032996918,63010,82735,191,192,38,PLK1,PLK1,STK,ST,FALSE,Other,ADDB_706_718_R5_0b129_O0xO,KKKFRtPS*FLKKs
8,S8,KFRTPSFLKKS_,KFRTP,S,FLKKS,-0.47838029274783567,0.7798150722185291,64518,82735,190,190,242,TTBK2,TTBK2,STK,ST,FALSE,CK1,ADDB_706_718_R5_0b129_O0xO,KKKFRtPS*FLKKs
8,S8,KFRTPSFLKKS_,KFRTP,S,FLKKS,-0.4647625885471709,0.6910618238955702,57175,82735,189,212,384,CAMK2B,CAMK2B,STK,ST,FALSE,CAMK,ADDB_706_718_R5_0b129_O0xO,KKKFRtPS*FLKKs
8,S8,KFRTPSFLKKS_,KFRTP,S,FLKKS,-0.46248552555185085,0.32327310086420497,26746,82735,188,267,356,GSK3A,GSK3A,STK,ST,FALSE,CMGC,ADDB_706_718_R5_0b129_O0xO,KKKFRtPS*FLKKs
8,S8,KFRTPSFLKKS_,KFRTP,S,FLKKS,-0.3581883494702736,0.8419894844987007,69662,82735,187,168,295,PAK6,PAK6,STK,ST,FALSE,STE,ADDB_706_718_R5_0b129_O0xO,KKKFRtPS*FLKKs
8,S8,KFRTPSFLKKS_,KFRTP,S,FLKKS,-0.3544353244908315,0.9216051247960355,76249,82735,186,116,248,MEKK6,MAP3K6,STK,ST,FALSE,STE,ADDB_706_718_R5_0b129_O0xO,KKKFRtPS*FLKKs
8,S8,KFRTPSFLKKS_,KFRTP,S,FLKKS,-0.33882264973069753,0.9451501782800508,78197,82735,185,89,83,MEK5,MAP2K5,STK,ST,TRUE,STE,ADDB_706_718_R5_0b129_O0xO,KKKFRtPS*FLKKs
8,S8,KFRTPSFLKKS_,KFRTP,S,FLKKS,-0.3320142933285881,0.9280594669728651,76783,82735,184,107,319,HGK,MAP4K4,STK,ST,FALSE,STE,ADDB_706_718_R5_0b129_O0xO,KKKFRtPS*FLKKs
8,S8,KFRTPSFLKKS_,KFRTP,S,FLKKS,-0.3167953989333786,0.893986825406418,73964,82735,183,138,241,TTBK1,TTBK1,STK,ST,FALSE,CK1,ADDB_706_718_R5_0b129_O0xO,KKKFRtPS*FLKKs
8,S8,KFRTPSFLKKS_,KFRTP,S,FLKKS,-0.30640972786553966,0.9393485223907657,77717,82735,182,95,168,LRRK2,LRRK2,STK,ST,FALSE,TKL,ADDB_706_718_R5_0b129_O0xO,KKKFRtPS*FLKKs
8,S8,KFRTPSFLKKS_,KFRTP,S,FLKKS,-0.2951138836187566,0.6003021695775669,49666,82735,181,231,116,DYRK1B,DYRK1B,STK,ST,FALSE,CMGC,ADDB_706_718_R5_0b129_O0xO,KKKFRtPS*FLKKs
8,S8,KFRTPSFLKKS_,KFRTP,S,FLKKS,-0.2692123266814641,0.8410467154166918,69584,82735,180,169,230,ULK2,ULK2,STK,ST,FALSE,Other,ADDB_706_718_R5_0b129_O0xO,KKKFRtPS*FLKKs
8,S8,KFRTPSFLKKS_,KFRTP,S,FLKKS,-0.26760441883830655,0.8835921919381157,73104,82735,179,148,193,YSK4,MAP3K19,STK,ST,FALSE,STE,ADDB_706_718_R5_0b129_O0xO,KKKFRtPS*FLKKs
8,S8,KFRTPSFLKKS_,KFRTP,S,FLKKS,-0.256929290419862,0.9584093793436876,79294,82735,178,70,84,TAO1,TAOK1,STK,ST,FALSE,STE,ADDB_706_718_R5_0b129_O0xO,KKKFRtPS*FLKKs
8,S8,KFRTPSFLKKS_,KFRTP,S,FLKKS,-0.2565166970806718,0.9255695896537136,76577,82735,177,111,226,HASPIN,HASPIN,STK,ST,FALSE,Other,ADDB_706_718_R5_0b129_O0xO,KKKFRtPS*FLKKs
8,S8,KFRTPSFLKKS_,KFRTP,S,FLKKS,-0.2468880412461208,0.8503897987550614,70357,82735,176,165,270,ANKRD3,RIPK4,STK,ST,FALSE,TKL,ADDB_706_718_R5_0b129_O0xO,KKKFRtPS*FLKKs
8,S8,KFRTPSFLKKS_,KFRTP,S,FLKKS,-0.2271765319693015,0.9253762011240708,76561,82735,175,112,31,PLK4,PLK4,STK,ST,FALSE,Other,ADDB_706_718_R5_0b129_O0xO,KKKFRtPS*FLKKs
8,S8,KFRTPSFLKKS_,KFRTP,S,FLKKS,-0.17431408912335522,0.9138333232610141,75606,82735,174,120,250,MEKK3,MAP3K3,STK,ST,FALSE,STE,ADDB_706_718_R5_0b129_O0xO,KKKFRtPS*FLKKs
8,S8,KFRTPSFLKKS_,KFRTP,S,FLKKS,-0.1617813890326465,0.7775185834290204,64328,82735,173,191,47,CHK1,CHEK1,STK,ST,FALSE,CAMK,ADDB_706_718_R5_0b129_O0xO,KKKFRtPS*FLKKs
8,S8,KFRTPSFLKKS_,KFRTP,S,FLKKS,-0.15542380848131576,0.9277331238290929,76756,82735,172,109,126,TNIK,TNIK,STK,ST,FALSE,STE,ADDB_706_718_R5_0b129_O0xO,KKKFRtPS*FLKKs
8,S8,KFRTPSFLKKS_,KFRTP,S,FLKKS,-0.14514654869981858,0.7360246570375295,60895,82735,171,197,160,skMLCK,MYLK2,STK,ST,FALSE,CAMK,ADDB_706_718_R5_0b129_O0xO,KKKFRtPS*FLKKs
8,S8,KFRTPSFLKKS_,KFRTP,S,FLKKS,-0.13794829113413754,0.9486311718136218,78485,82735,170,82,150,MAP3K15,MAP3K15,STK,ST,FALSE,STE,ADDB_706_718_R5_0b129_O0xO,KKKFRtPS*FLKKs
8,S8,KFRTPSFLKKS_,KFRTP,S,FLKKS,-0.12327036113287343,0.7049495376805464,58324,82735,169,207,324,GRK2,GRK2,STK,ST,FALSE,AGC,ADDB_706_718_R5_0b129_O0xO,KKKFRtPS*FLKKs
8,S8,KFRTPSFLKKS_,KFRTP,S,FLKKS,-0.05295784049322655,0.8493503354082311,70271,82735,168,166,58,CK1G1,CSNK1G1,STK,ST,FALSE,CK1,ADDB_706_718_R5_0b129_O0xO,KKKFRtPS*FLKKs
8,S8,KFRTPSFLKKS_,KFRTP,S,FLKKS,0.003500692330310251,0.9079833202393183,75122,82735,167,124,313,MLK4,MAP3K21,STK,ST,FALSE,TKL,ADDB_706_718_R5_0b129_O0xO,KKKFRtPS*FLKKs
8,S8,KFRTPSFLKKS_,KFRTP,S,FLKKS,0.003549715775935991,0.9390342660300961,77691,82735,166,96,105,SLK,SLK,STK,ST,FALSE,STE,ADDB_706_718_R5_0b129_O0xO,KKKFRtPS*FLKKs
8,S8,KFRTPSFLKKS_,KFRTP,S,FLKKS,0.025205927654013416,0.897286517193449,74237,82735,165,136,12,PKG1,PRKG1,STK,ST,FALSE,AGC,ADDB_706_718_R5_0b129_O0xO,KKKFRtPS*FLKKs
8,S8,KFRTPSFLKKS_,KFRTP,S,FLKKS,0.06777185538701724,0.9409198041941137,77847,82735,164,94,42,HPK1,MAP4K1,STK,ST,FALSE,STE,ADDB_706_718_R5_0b129_O0xO,KKKFRtPS*FLKKs
8,S8,KFRTPSFLKKS_,KFRTP,S,FLKKS,0.10461654450381365,0.8159424669124312,67507,82735,163,178,320,RAF1,RAF1,STK,ST,TRUE,TKL,ADDB_706_718_R5_0b129_O0xO,KKKFRtPS*FLKKs
8,S8,KFRTPSFLKKS_,KFRTP,S,FLKKS,0.10816229307513647,0.8865534537982716,73349,82735,162,146,337,MARK1,MARK1,STK,ST,FALSE,CAMK,ADDB_706_718_R5_0b129_O0xO,KKKFRtPS*FLKKs
8,S8,KFRTPSFLKKS_,KFRTP,S,FLKKS,0.1218889303031796,0.9431437722850063,78031,82735,161,92,302,GCK,MAP4K2,STK,ST,FALSE,STE,ADDB_706_718_R5_0b129_O0xO,KKKFRtPS*FLKKs
8,S8,KFRTPSFLKKS_,KFRTP,S,FLKKS,0.13568598558332096,0.7813017465401584,64641,82735,160,185,389,CAMK2G,CAMK2G,STK,ST,FALSE,CAMK,ADDB_706_718_R5_0b129_O0xO,KKKFRtPS*FLKKs
8,S8,KFRTPSFLKKS_,KFRTP,S,FLKKS,0.13991732038178395,0.8624161479422252,71352,82735,159,160,7,TBK1,TBK1,STK,ST,FALSE,Other,ADDB_706_718_R5_0b129_O0xO,KKKFRtPS*FLKKs
8,S8,KFRTPSFLKKS_,KFRTP,S,FLKKS,0.1673906254201205,0.8921133740255031,73809,82735,158,141,335,MARK3,MARK3,STK,ST,FALSE,CAMK,ADDB_706_718_R5_0b129_O0xO,KKKFRtPS*FLKKs
8,S8,KFRTPSFLKKS_,KFRTP,S,FLKKS,0.17627670816255736,0.9102677222457243,75311,82735,157,122,86,TAO3,TAOK3,STK,ST,FALSE,STE,ADDB_706_718_R5_0b129_O0xO,KKKFRtPS*FLKKs
8,S8,KFRTPSFLKKS_,KFRTP,S,FLKKS,0.18361935029642334,0.8020668399105578,66359,82735,156,181,124,MAPKAPK2,MAPKAPK2,STK,ST,FALSE,CAMK,ADDB_706_718_R5_0b129_O0xO,KKKFRtPS*FLKKs
8,S8,KFRTPSFLKKS_,KFRTP,S,FLKKS,0.19361167290545445,0.8921133740255031,73809,82735,155,140,373,TGFBR2,TGFBR2,STK,ST,FALSE,TKL,ADDB_706_718_R5_0b129_O0xO,KKKFRtPS*FLKKs
8,S8,KFRTPSFLKKS_,KFRTP,S,FLKKS,0.2018147365894375,0.8687737958542334,71878,82735,154,156,333,RIPK1,RIPK1,STK,ST,FALSE,TKL,ADDB_706_718_R5_0b129_O0xO,KKKFRtPS*FLKKs
8,S8,KFRTPSFLKKS_,KFRTP,S,FLKKS,0.20922773715010823,0.8440684111923612,69834,82735,153,167,261,ATR,ATR,STK,ST,FALSE,PIKK,ADDB_706_718_R5_0b129_O0xO,KKKFRtPS*FLKKs
8,S8,KFRTPSFLKKS_,KFRTP,S,FLKKS,0.2248828238807997,0.9707016377591104,80311,82735,152,54,72,RIPK2,RIPK2,STK,ST,FALSE,TKL,ADDB_706_718_R5_0b129_O0xO,KKKFRtPS*FLKKs
8,S8,KFRTPSFLKKS_,KFRTP,S,FLKKS,0.23132902625203666,0.9605487399528615,79471,82735,151,67,87,TAO2,TAOK2,STK,ST,FALSE,STE,ADDB_706_718_R5_0b129_O0xO,KKKFRtPS*FLKKs
8,S8,KFRTPSFLKKS_,KFRTP,S,FLKKS,0.28991452566597814,0.8142503172780564,67367,82735,150,179,62,CK1D,CSNK1D,STK,ST,FALSE,CK1,ADDB_706_718_R5_0b129_O0xO,KKKFRtPS*FLKKs
8,S8,KFRTPSFLKKS_,KFRTP,S,FLKKS,0.30100731617749577,0.8750830966338309,72400,82735,149,155,253,QSK,SIK3,STK,ST,FALSE,CAMK,ADDB_706_718_R5_0b129_O0xO,KKKFRtPS*FLKKs
8,S8,KFRTPSFLKKS_,KFRTP,S,FLKKS,0.3289911270078116,0.6069619870671421,50217,82735,148,228,354,GSK3B,GSK3B,STK,ST,FALSE,CMGC,ADDB_706_718_R5_0b129_O0xO,KKKFRtPS*FLKKs
8,S8,KFRTPSFLKKS_,KFRTP,S,FLKKS,0.33832406058043746,0.7084909651296307,58617,82735,147,205,153,CDK4,CDK4,STK,ST,FALSE,CMGC,ADDB_706_718_R5_0b129_O0xO,KKKFRtPS*FLKKs
8,S8,KFRTPSFLKKS_,KFRTP,S,FLKKS,0.36619865026120135,0.9666042182873028,79972,82735,146,61,139,NEK8,NEK8,STK,ST,FALSE,Other,ADDB_706_718_R5_0b129_O0xO,KKKFRtPS*FLKKs
8,S8,KFRTPSFLKKS_,KFRTP,S,FLKKS,0.37351104734279383,0.688148909167825,56934,82735,145,215,329,GRK7,GRK7,STK,ST,FALSE,AGC,ADDB_706_718_R5_0b129_O0xO,KKKFRtPS*FLKKs
8,S8,KFRTPSFLKKS_,KFRTP,S,FLKKS,0.3814822052461136,0.7161781591829335,59253,82735,144,203,123,MAK,MAK,STK,ST,FALSE,CMGC,ADDB_706_718_R5_0b129_O0xO,KKKFRtPS*FLKKs
8,S8,KFRTPSFLKKS_,KFRTP,S,FLKKS,0.3961899835323679,0.9037408593702786,74771,82735,143,131,332,PRPK,TP53RK,STK,ST,FALSE,Other,ADDB_706_718_R5_0b129_O0xO,KKKFRtPS*FLKKs
8,S8,KFRTPSFLKKS_,KFRTP,S,FLKKS,0.4110725670516179,0.8921617211579138,73813,82735,142,139,93,SSTK,TSSK6,STK,ST,FALSE,CAMK,ADDB_706_718_R5_0b129_O0xO,KKKFRtPS*FLKKs
8,S8,KFRTPSFLKKS_,KFRTP,S,FLKKS,0.412804029016071,0.8880763884692089,73475,82735,141,142,163,AURA,AURKA,STK,ST,FALSE,Other,ADDB_706_718_R5_0b129_O0xO,KKKFRtPS*FLKKs
8,S8,KFRTPSFLKKS_,KFRTP,S,FLKKS,0.4472603852468713,0.7330150480449629,60646,82735,140,198,301,MOK,MOK,STK,ST,FALSE,CMGC,ADDB_706_718_R5_0b129_O0xO,KKKFRtPS*FLKKs
8,S8,KFRTPSFLKKS_,KFRTP,S,FLKKS,0.45103752749586423,0.9560282830724602,79097,82735,139,74,318,LOK,STK10,STK,ST,FALSE,STE,ADDB_706_718_R5_0b129_O0xO,KKKFRtPS*FLKKs
8,S8,KFRTPSFLKKS_,KFRTP,S,FLKKS,0.4580937673869097,0.9266574001329546,76667,82735,138,110,80,DLK,MAP3K12,STK,ST,FALSE,TKL,ADDB_706_718_R5_0b129_O0xO,KKKFRtPS*FLKKs
8,S8,KFRTPSFLKKS_,KFRTP,S,FLKKS,0.46652484859463306,0.8633105698918233,71426,82735,137,159,61,CK1E,CSNK1E,STK,ST,FALSE,CK1,ADDB_706_718_R5_0b129_O0xO,KKKFRtPS*FLKKs
8,S8,KFRTPSFLKKS_,KFRTP,S,FLKKS,0.47008945208768854,0.8571583972925606,70917,82735,136,162,6,PKACB,PRKACB,STK,ST,FALSE,AGC,ADDB_706_718_R5_0b129_O0xO,KKKFRtPS*FLKKs
8,S8,KFRTPSFLKKS_,KFRTP,S,FLKKS,0.4783068906484247,0.9590862391974376,79350,82735,135,69,213,ZAK,MAP3K20,STK,ST,FALSE,TKL,ADDB_706_718_R5_0b129_O0xO,KKKFRtPS*FLKKs
8,S8,KFRTPSFLKKS_,KFRTP,S,FLKKS,0.5725227038308011,0.9539735299450052,78927,82735,134,76,138,STK33,STK33,STK,ST,FALSE,CAMK,ADDB_706_718_R5_0b129_O0xO,KKKFRtPS*FLKKs
8,S8,KFRTPSFLKKS_,KFRTP,S,FLKKS,0.584642244006851,0.9593400616425938,79371,82735,133,68,48,KHS1,MAP4K5,STK,ST,FALSE,STE,ADDB_706_718_R5_0b129_O0xO,KKKFRtPS*FLKKs
8,S8,KFRTPSFLKKS_,KFRTP,S,FLKKS,0.6072709291827573,0.9015410648455914,74589,82735,132,133,125,MAPKAPK5,MAPKAPK5,STK,ST,FALSE,CAMK,ADDB_706_718_R5_0b129_O0xO,KKKFRtPS*FLKKs
8,S8,KFRTPSFLKKS_,KFRTP,S,FLKKS,0.6159746750859159,0.9579259080195806,79254,82735,131,72,56,KHS2,MAP4K3,STK,ST,FALSE,STE,ADDB_706_718_R5_0b129_O0xO,KKKFRtPS*FLKKs
8,S8,KFRTPSFLKKS_,KFRTP,S,FLKKS,0.6534744223441189,0.980600713120203,81130,82735,130,40,307,NEK11,NEK11,STK,ST,FALSE,Other,ADDB_706_718_R5_0b129_O0xO,KKKFRtPS*FLKKs
8,S8,KFRTPSFLKKS_,KFRTP,S,FLKKS,0.654771904533114,0.6981325920106364,57760,82735,129,208,152,CDK5,CDK5,STK,ST,FALSE,CMGC,ADDB_706_718_R5_0b129_O0xO,KKKFRtPS*FLKKs
8,S8,KFRTPSFLKKS_,KFRTP,S,FLKKS,0.6688165412818534,0.7288451078745392,60301,82735,128,201,355,DYRK3,DYRK3,STK,ST,FALSE,CMGC,ADDB_706_718_R5_0b129_O0xO,KKKFRtPS*FLKKs
8,S8,KFRTPSFLKKS_,KFRTP,S,FLKKS,0.6943637580773909,0.9328700066477307,77181,82735,127,101,308,MLK1,MAP3K9,STK,ST,FALSE,TKL,ADDB_706_718_R5_0b129_O0xO,KKKFRtPS*FLKKs
8,S8,KFRTPSFLKKS_,KFRTP,S,FLKKS,0.6969273614810042,0.8787574786970448,72704,82735,126,154,294,PAK1,PAK1,STK,ST,FALSE,STE,ADDB_706_718_R5_0b129_O0xO,KKKFRtPS*FLKKs
8,S8,KFRTPSFLKKS_,KFRTP,S,FLKKS,0.7086158119655247,0.6898773191515079,57077,82735,125,214,159,CDK1,CDK1,STK,ST,FALSE,CMGC,ADDB_706_718_R5_0b129_O0xO,KKKFRtPS*FLKKs
8,S8,KFRTPSFLKKS_,KFRTP,S,FLKKS,0.7285969664768495,0.8874841360971777,73426,82735,124,143,162,AURC,AURKC,STK,ST,FALSE,Other,ADDB_706_718_R5_0b129_O0xO,KKKFRtPS*FLKKs
8,S8,KFRTPSFLKKS_,KFRTP,S,FLKKS,0.7552698414852947,0.9726476098386414,80472,82735,123,53,371,MASTL,MASTL,STK,ST,FALSE,AGC,ADDB_706_718_R5_0b129_O0xO,KKKFRtPS*FLKKs
8,S8,KFRTPSFLKKS_,KFRTP,S,FLKKS,0.7662724244685704,0.881634133075482,72942,82735,122,151,128,TSSK2,TSSK2,STK,ST,FALSE,CAMK,ADDB_706_718_R5_0b129_O0xO,KKKFRtPS*FLKKs
8,S8,KFRTPSFLKKS_,KFRTP,S,FLKKS,0.7694392958017853,0.8979271166978908,74290,82735,121,134,264,MNK2,MKNK2,STK,ST,FALSE,CAMK,ADDB_706_718_R5_0b129_O0xO,KKKFRtPS*FLKKs
8,S8,KFRTPSFLKKS_,KFRTP,S,FLKKS,0.7881200188613217,0.9234906629600532,76405,82735,120,114,102,CHAK2,TRPM6,STK,ST,FALSE,Alpha,ADDB_706_718_R5_0b129_O0xO,KKKFRtPS*FLKKs
8,S8,KFRTPSFLKKS_,KFRTP,S,FLKKS,0.7911121432603525,0.9292560585000302,76882,82735,119,105,237,WNK4,WNK4,STK,ST,FALSE,Other,ADDB_706_718_R5_0b129_O0xO,KKKFRtPS*FLKKs
8,S8,KFRTPSFLKKS_,KFRTP,S,FLKKS,0.7995819447731782,0.9704599020970569,80291,82735,118,55,362,EEF2K,EEF2K,STK,ST,FALSE,Alpha,ADDB_706_718_R5_0b129_O0xO,KKKFRtPS*FLKKs
8,S8,KFRTPSFLKKS_,KFRTP,S,FLKKS,0.8036816238786986,0.8832537620112407,73076,82735,117,149,135,CK1A2,CSNK1A1L,STK,ST,FALSE,CK1,ADDB_706_718_R5_0b129_O0xO,KKKFRtPS*FLKKs
8,S8,KFRTPSFLKKS_,KFRTP,S,FLKKS,0.8764282674239092,0.8872665740013296,73408,82735,116,144,5,PKACA,PRKACA,STK,ST,FALSE,AGC,ADDB_706_718_R5_0b129_O0xO,KKKFRtPS*FLKKs
8,S8,KFRTPSFLKKS_,KFRTP,S,FLKKS,0.9083867910644908,0.6729799963739651,55679,82735,115,218,90,HIPK1,HIPK1,STK,ST,FALSE,CMGC,ADDB_706_718_R5_0b129_O0xO,KKKFRtPS*FLKKs
8,S8,KFRTPSFLKKS_,KFRTP,S,FLKKS,0.9280319359853482,0.8334441288451079,68955,82735,114,173,146,COT,MAP3K8,STK,ST,FALSE,STE,ADDB_706_718_R5_0b129_O0xO,KKKFRtPS*FLKKs
8,S8,KFRTPSFLKKS_,KFRTP,S,FLKKS,0.9404469223690282,0.947797183779537,78416,82735,113,85,259,WNK3,WNK3,STK,ST,FALSE,Other,ADDB_706_718_R5_0b129_O0xO,KKKFRtPS*FLKKs
8,S8,KFRTPSFLKKS_,KFRTP,S,FLKKS,0.9906793829128131,0.9046111077536714,74843,82735,112,128,296,PAK3,PAK3,STK,ST,FALSE,STE,ADDB_706_718_R5_0b129_O0xO,KKKFRtPS*FLKKs
8,S8,KFRTPSFLKKS_,KFRTP,S,FLKKS,1.0070078786745837,0.9061340424246087,74969,82735,111,126,161,AURB,AURKB,STK,ST,FALSE,Other,ADDB_706_718_R5_0b129_O0xO,KKKFRtPS*FLKKs
8,S8,KFRTPSFLKKS_,KFRTP,S,FLKKS,1.0137565568976645,0.912153260409742,75467,82735,110,121,297,PAK2,PAK2,STK,ST,FALSE,STE,ADDB_706_718_R5_0b129_O0xO,KKKFRtPS*FLKKs
8,S8,KFRTPSFLKKS_,KFRTP,S,FLKKS,1.107917639312828,0.867553030760863,71777,82735,109,157,177,caMLCK,MYLK3,STK,ST,FALSE,CAMK,ADDB_706_718_R5_0b129_O0xO,KKKFRtPS*FLKKs
8,S8,KFRTPSFLKKS_,KFRTP,S,FLKKS,1.1647771303052563,0.9150903487036925,75710,82735,108,118,75,SIK,SIK1,STK,ST,FALSE,CAMK,ADDB_706_718_R5_0b129_O0xO,KKKFRtPS*FLKKs
8,S8,KFRTPSFLKKS_,KFRTP,S,FLKKS,1.1815939419402617,0.9065087327007917,75000,82735,107,125,127,TSSK1,TSSK1B,STK,ST,FALSE,CAMK,ADDB_706_718_R5_0b129_O0xO,KKKFRtPS*FLKKs
8,S8,KFRTPSFLKKS_,KFRTP,S,FLKKS,1.1974965648048288,0.919489937753067,76074,82735,106,117,15,DAPK1,DAPK1,STK,ST,FALSE,CAMK,ADDB_706_718_R5_0b129_O0xO,KKKFRtPS*FLKKs
8,S8,KFRTPSFLKKS_,KFRTP,S,FLKKS,1.2642149773515894,0.9545536955339337,78975,82735,105,75,310,MLK3,MAP3K11,STK,ST,FALSE,TKL,ADDB_706_718_R5_0b129_O0xO,KKKFRtPS*FLKKs
8,S8,KFRTPSFLKKS_,KFRTP,S,FLKKS,1.3971145227774864,0.903873813984408,74782,82735,104,130,288,PRKX,PRKX,STK,ST,FALSE,AGC,ADDB_706_718_R5_0b129_O0xO,KKKFRtPS*FLKKs
8,S8,KFRTPSFLKKS_,KFRTP,S,FLKKS,1.3997934151936504,0.9484619568501843,78471,82735,103,83,187,ROCK1,ROCK1,STK,ST,FALSE,AGC,ADDB_706_718_R5_0b129_O0xO,KKKFRtPS*FLKKs
8,S8,KFRTPSFLKKS_,KFRTP,S,FLKKS,1.403915596810688,0.9041759835619749,74807,82735,102,129,257,NDR2,STK38L,STK,ST,FALSE,AGC,ADDB_706_718_R5_0b129_O0xO,KKKFRtPS*FLKKs
8,S8,KFRTPSFLKKS_,KFRTP,S,FLKKS,1.4562173092899713,0.9139300175258355,75614,82735,101,119,100,MYLK4,MYLK4,STK,ST,FALSE,CAMK,ADDB_706_718_R5_0b129_O0xO,KKKFRtPS*FLKKs
8,S8,KFRTPSFLKKS_,KFRTP,S,FLKKS,1.4621858120971436,0.968429322535807,80123,82735,100,58,71,RIPK3,RIPK3,STK,ST,FALSE,TKL,ADDB_706_718_R5_0b129_O0xO,KKKFRtPS*FLKKs
8,S8,KFRTPSFLKKS_,KFRTP,S,FLKKS,1.4848738712393488,0.9461292077113677,78278,82735,99,86,189,ROCK2,ROCK2,STK,ST,FALSE,AGC,ADDB_706_718_R5_0b129_O0xO,KKKFRtPS*FLKKs
8,S8,KFRTPSFLKKS_,KFRTP,S,FLKKS,1.4923654867459775,0.9523418142261437,78792,82735,98,78,361,DMPK1,DMPK,STK,ST,FALSE,AGC,ADDB_706_718_R5_0b129_O0xO,KKKFRtPS*FLKKs
8,S8,KFRTPSFLKKS_,KFRTP,S,FLKKS,1.5205291745339746,0.9051066658608812,74884,82735,97,127,121,MAPKAPK3,MAPKAPK3,STK,ST,FALSE,CAMK,ADDB_706_718_R5_0b129_O0xO,KKKFRtPS*FLKKs
8,S8,KFRTPSFLKKS_,KFRTP,S,FLKKS,1.538138493282051,0.8958723635704358,74120,82735,96,137,24,PRKD2,PRKD2,STK,ST,FALSE,CAMK,ADDB_706_718_R5_0b129_O0xO,KKKFRtPS*FLKKs
8,S8,KFRTPSFLKKS_,KFRTP,S,FLKKS,1.582987104164549,0.8793980782014866,72757,82735,95,153,387,CAMK2A,CAMK2A,STK,ST,FALSE,CAMK,ADDB_706_718_R5_0b129_O0xO,KKKFRtPS*FLKKs
8,S8,KFRTPSFLKKS_,KFRTP,S,FLKKS,1.5954904309344833,0.9303438689792711,76972,82735,94,104,16,DAPK2,DAPK2,STK,ST,FALSE,CAMK,ADDB_706_718_R5_0b129_O0xO,KKKFRtPS*FLKKs
8,S8,KFRTPSFLKKS_,KFRTP,S,FLKKS,1.5966100519598703,0.9031848673475554,74725,82735,93,132,136,MSK1,RPS6KA5,STK,ST,FALSE,AGC,ADDB_706_718_R5_0b129_O0xO,KKKFRtPS*FLKKs
8,S8,KFRTPSFLKKS_,KFRTP,S,FLKKS,1.617519434610588,0.9803952378074575,81113,82735,92,41,272,MST3,STK24,STK,ST,FALSE,STE,ADDB_706_718_R5_0b129_O0xO,KKKFRtPS*FLKKs
8,S8,KFRTPSFLKKS_,KFRTP,S,FLKKS,1.6245038784955934,0.7799601136157611,64530,82735,91,189,240,NLK,NLK,STK,ST,FALSE,CMGC,ADDB_706_718_R5_0b129_O0xO,KKKFRtPS*FLKKs
8,S8,KFRTPSFLKKS_,KFRTP,S,FLKKS,1.6357978924627576,0.934767631594851,77338,82735,90,99,155,MRCKB,CDC42BPB,STK,ST,FALSE,AGC,ADDB_706_718_R5_0b129_O0xO,KKKFRtPS*FLKKs
8,S8,KFRTPSFLKKS_,KFRTP,S,FLKKS,1.6389080007930943,0.8842811385749683,73161,82735,89,147,390,SBK,SBK1,STK,ST,FALSE,Other,ADDB_706_718_R5_0b129_O0xO,KKKFRtPS*FLKKs
8,S8,KFRTPSFLKKS_,KFRTP,S,FLKKS,1.6855036245295505,0.9425756934791805,77984,82735,88,93,195,CRIK,CIT,STK,ST,FALSE,AGC,ADDB_706_718_R5_0b129_O0xO,KKKFRtPS*FLKKs
8,S8,KFRTPSFLKKS_,KFRTP,S,FLKKS,1.7205458041655413,0.9326887049011906,77166,82735,87,102,385,CAMK2D,CAMK2D,STK,ST,FALSE,CAMK,ADDB_706_718_R5_0b129_O0xO,KKKFRtPS*FLKKs
8,S8,KFRTPSFLKKS_,KFRTP,S,FLKKS,1.7307207384983716,0.7804194113736629,64568,82735,86,188,154,CDK3,CDK3,STK,ST,FALSE,CMGC,ADDB_706_718_R5_0b129_O0xO,KKKFRtPS*FLKKs
8,S8,KFRTPSFLKKS_,KFRTP,S,FLKKS,1.7454900887212355,0.9512056566144921,78698,82735,85,81,132,BRSK1,BRSK1,STK,ST,FALSE,CAMK,ADDB_706_718_R5_0b129_O0xO,KKKFRtPS*FLKKs
8,S8,KFRTPSFLKKS_,KFRTP,S,FLKKS,1.8271342311512802,0.9766362482625249,80802,82735,84,48,104,CHAK1,TRPM7,STK,ST,FALSE,Alpha,ADDB_706_718_R5_0b129_O0xO,KKKFRtPS*FLKKs
8,S8,KFRTPSFLKKS_,KFRTP,S,FLKKS,1.8283781404393133,0.9792469934127032,81018,82735,83,44,331,IRE1,ERN1,STK,ST,FALSE,Other,ADDB_706_718_R5_0b129_O0xO,KKKFRtPS*FLKKs
8,S8,KFRTPSFLKKS_,KFRTP,S,FLKKS,1.8516969591730819,0.9479301383936666,78427,82735,82,84,206,MTOR,MTOR,STK,ST,FALSE,PIKK,ADDB_706_718_R5_0b129_O0xO,KKKFRtPS*FLKKs
8,S8,KFRTPSFLKKS_,KFRTP,S,FLKKS,1.8563279787120968,0.8521182087387442,70500,82735,81,164,156,CDK2,CDK2,STK,ST,FALSE,CMGC,ADDB_706_718_R5_0b129_O0xO,KKKFRtPS*FLKKs
8,S8,KFRTPSFLKKS_,KFRTP,S,FLKKS,1.857089932797489,0.7804677585060736,64572,82735,80,187,91,HIPK3,HIPK3,STK,ST,FALSE,CMGC,ADDB_706_718_R5_0b129_O0xO,KKKFRtPS*FLKKs
8,S8,KFRTPSFLKKS_,KFRTP,S,FLKKS,1.8681260774442046,0.9763945126004714,80782,82735,79,50,29,NIM1,NIM1K,STK,ST,FALSE,CAMK,ADDB_706_718_R5_0b129_O0xO,KKKFRtPS*FLKKs
8,S8,KFRTPSFLKKS_,KFRTP,S,FLKKS,1.888634580272944,0.9584093793436876,79294,82735,78,71,19,PASK,PASK,STK,ST,FALSE,CAMK,ADDB_706_718_R5_0b129_O0xO,KKKFRtPS*FLKKs
8,S8,KFRTPSFLKKS_,KFRTP,S,FLKKS,1.8989856793258253,0.8162083761406902,67529,82735,77,177,115,DYRK1A,DYRK1A,STK,ST,FALSE,CMGC,ADDB_706_718_R5_0b129_O0xO,KKKFRtPS*FLKKs
8,S8,KFRTPSFLKKS_,KFRTP,S,FLKKS,1.9272220402950189,0.8357285308515139,69144,82735,76,172,342,CLK2,CLK2,STK,ST,FALSE,CMGC,ADDB_706_718_R5_0b129_O0xO,KKKFRtPS*FLKKs
8,S8,KFRTPSFLKKS_,KFRTP,S,FLKKS,1.9302063266278073,0.8000241735662054,66190,82735,75,182,52,CDK14,CDK14,STK,ST,FALSE,CMGC,ADDB_706_718_R5_0b129_O0xO,KKKFRtPS*FLKKs
8,S8,KFRTPSFLKKS_,KFRTP,S,FLKKS,1.9329792653033224,0.7990693177010939,66111,82735,74,183,151,CDK6,CDK6,STK,ST,FALSE,CMGC,ADDB_706_718_R5_0b129_O0xO,KKKFRtPS*FLKKs
8,S8,KFRTPSFLKKS_,KFRTP,S,FLKKS,1.9873165259390242,0.9280352934066598,76781,82735,73,108,109,PIM3,PIM3,STK,ST,FALSE,CAMK,ADDB_706_718_R5_0b129_O0xO,KKKFRtPS*FLKKs
8,S8,KFRTPSFLKKS_,KFRTP,S,FLKKS,2.029485629416558,0.9654438871094458,79876,82735,72,62,175,smMLCK,MYLK,STK,ST,FALSE,CAMK,ADDB_706_718_R5_0b129_O0xO,KKKFRtPS*FLKKs
8,S8,KFRTPSFLKKS_,KFRTP,S,FLKKS,2.130984353472603,0.9696017404967668,80220,82735,71,57,273,MST4,STK26,STK,ST,FALSE,STE,ADDB_706_718_R5_0b129_O0xO,KKKFRtPS*FLKKs
8,S8,KFRTPSFLKKS_,KFRTP,S,FLKKS,2.202215173486329,0.9701456457363873,80265,82735,70,56,258,WNK1,WNK1,STK,ST,FALSE,Other,ADDB_706_718_R5_0b129_O0xO,KKKFRtPS*FLKKs
8,S8,KFRTPSFLKKS_,KFRTP,S,FLKKS,2.2278874977324077,0.9893031969541306,81850,82735,69,32,370,IRAK4,IRAK4,STK,ST,FALSE,TKL,ADDB_706_718_R5_0b129_O0xO,KKKFRtPS*FLKKs
8,S8,KFRTPSFLKKS_,KFRTP,S,FLKKS,2.2385818872954037,0.9947543361334381,82301,82735,68,20,218,PDK1,PDPK1,STK,ST,FALSE,AGC,ADDB_706_718_R5_0b129_O0xO,KKKFRtPS*FLKKs
8,S8,KFRTPSFLKKS_,KFRTP,S,FLKKS,2.2740413007970544,0.973336556475494,80529,82735,67,52,119,QIK,SIK2,STK,ST,FALSE,CAMK,ADDB_706_718_R5_0b129_O0xO,KKKFRtPS*FLKKs
8,S8,KFRTPSFLKKS_,KFRTP,S,FLKKS,2.306336269737435,0.9454886082069257,78225,82735,66,87,365,CAMK1B,PNCK,STK,ST,FALSE,CAMK,ADDB_706_718_R5_0b129_O0xO,KKKFRtPS*FLKKs
8,S8,KFRTPSFLKKS_,KFRTP,S,FLKKS,2.374766117873908,0.9566567957937995,79149,82735,65,73,256,NDR1,STK38,STK,ST,FALSE,AGC,ADDB_706_718_R5_0b129_O0xO,KKKFRtPS*FLKKs
8,S8,KFRTPSFLKKS_,KFRTP,S,FLKKS,2.399468693552287,0.8382909288692815,69356,82735,64,170,340,CLK3,CLK3,STK,ST,FALSE,CMGC,ADDB_706_718_R5_0b129_O0xO,KKKFRtPS*FLKKs
8,S8,KFRTPSFLKKS_,KFRTP,S,FLKKS,2.4302966744008057,0.9778570133558954,80903,82735,63,47,133,BRSK2,BRSK2,STK,ST,FALSE,CAMK,ADDB_706_718_R5_0b129_O0xO,KKKFRtPS*FLKKs
8,S8,KFRTPSFLKKS_,KFRTP,S,FLKKS,2.4685820954709277,0.9454402610745151,78221,82735,62,88,137,MSK2,RPS6KA4,STK,ST,FALSE,AGC,ADDB_706_718_R5_0b129_O0xO,KKKFRtPS*FLKKs
8,S8,KFRTPSFLKKS_,KFRTP,S,FLKKS,2.4977882035456185,0.9240829153320844,76454,82735,61,113,113,CDKL5,CDKL5,STK,ST,FALSE,CMGC,ADDB_706_718_R5_0b129_O0xO,KKKFRtPS*FLKKs
8,S8,KFRTPSFLKKS_,KFRTP,S,FLKKS,2.502661385136258,0.9896174533148002,81876,82735,60,30,327,IRE2,ERN2,STK,ST,FALSE,Other,ADDB_706_718_R5_0b129_O0xO,KKKFRtPS*FLKKs
8,S8,KFRTPSFLKKS_,KFRTP,S,FLKKS,2.5072865009956034,0.9098930319695413,75280,82735,59,123,339,CLK4,CLK4,STK,ST,FALSE,CMGC,ADDB_706_718_R5_0b129_O0xO,KKKFRtPS*FLKKs
8,S8,KFRTPSFLKKS_,KFRTP,S,FLKKS,2.540354994454121,0.9517012147217018,78739,82735,58,80,13,PKG2,PRKG2,STK,ST,FALSE,AGC,ADDB_706_718_R5_0b129_O0xO,KKKFRtPS*FLKKs
8,S8,KFRTPSFLKKS_,KFRTP,S,FLKKS,2.6273502704174705,0.9386354021877077,77658,82735,57,97,367,CAMK1D,CAMK1D,STK,ST,FALSE,CAMK,ADDB_706_718_R5_0b129_O0xO,KKKFRtPS*FLKKs
8,S8,KFRTPSFLKKS_,KFRTP,S,FLKKS,2.632468687620154,0.8974919925061945,74254,82735,56,135,255,ICK,CILK1,STK,ST,FALSE,CMGC,ADDB_706_718_R5_0b129_O0xO,KKKFRtPS*FLKKs
8,S8,KFRTPSFLKKS_,KFRTP,S,FLKKS,2.6440253265753344,0.9521000785640902,78772,82735,55,79,1,PKACG,PRKACG,STK,ST,FALSE,AGC,ADDB_706_718_R5_0b129_O0xO,KKKFRtPS*FLKKs
8,S8,KFRTPSFLKKS_,KFRTP,S,FLKKS,2.6514516295736112,0.9328820934308334,77182,82735,54,100,247,SRPK3,SRPK3,STK,ST,FALSE,CMGC,ADDB_706_718_R5_0b129_O0xO,KKKFRtPS*FLKKs
8,S8,KFRTPSFLKKS_,KFRTP,S,FLKKS,2.6771614154342522,0.9945972079531032,82288,82735,53,22,208,NIK,MAP3K14,STK,ST,FALSE,STE,ADDB_706_718_R5_0b129_O0xO,KKKFRtPS*FLKKs
8,S8,KFRTPSFLKKS_,KFRTP,S,FLKKS,2.6823302616577953,0.8867347555448117,73364,82735,52,145,49,CDK10,CDK10,STK,ST,FALSE,CMGC,ADDB_706_718_R5_0b129_O0xO,KKKFRtPS*FLKKs
8,S8,KFRTPSFLKKS_,KFRTP,S,FLKKS,2.6903844215755557,0.9441832356318366,78117,82735,51,90,22,PRKD3,PRKD3,STK,ST,FALSE,CAMK,ADDB_706_718_R5_0b129_O0xO,KKKFRtPS*FLKKs
8,S8,KFRTPSFLKKS_,KFRTP,S,FLKKS,2.8675938302939303,0.9984408049797546,82606,82735,50,8,311,YANK2,STK32B,STK,ST,FALSE,AGC,ADDB_706_718_R5_0b129_O0xO,KKKFRtPS*FLKKs
8,S8,KFRTPSFLKKS_,KFRTP,S,FLKKS,2.921358274974856,0.9802864567595334,81104,82735,49,42,377,LATS2,LATS2,STK,ST,FALSE,AGC,ADDB_706_718_R5_0b129_O0xO,KKKFRtPS*FLKKs
8,S8,KFRTPSFLKKS_,KFRTP,S,FLKKS,2.9600672814185764,0.9954553695533933,82359,82735,48,18,210,SNRK,SNRK,STK,ST,FALSE,CAMK,ADDB_706_718_R5_0b129_O0xO,KKKFRtPS*FLKKs
8,S8,KFRTPSFLKKS_,KFRTP,S,FLKKS,2.978954846508595,0.9812533994077476,81184,82735,47,37,374,LATS1,LATS1,STK,ST,FALSE,AGC,ADDB_706_718_R5_0b129_O0xO,KKKFRtPS*FLKKs
8,S8,KFRTPSFLKKS_,KFRTP,S,FLKKS,2.991908034603937,0.9765879011301142,80798,82735,46,49,231,AMPKA1,PRKAA1,STK,ST,FALSE,CAMK,ADDB_706_718_R5_0b129_O0xO,KKKFRtPS*FLKKs
8,S8,KFRTPSFLKKS_,KFRTP,S,FLKKS,3.0532814405130884,0.9431679458512117,78033,82735,45,91,246,SRPK2,SRPK2,STK,ST,FALSE,CMGC,ADDB_706_718_R5_0b129_O0xO,KKKFRtPS*FLKKs
8,S8,KFRTPSFLKKS_,KFRTP,S,FLKKS,3.1376917550618613,0.9614915090348704,79549,82735,44,66,364,CAMK1A,CAMK1,STK,ST,FALSE,CAMK,ADDB_706_718_R5_0b129_O0xO,KKKFRtPS*FLKKs
8,S8,KFRTPSFLKKS_,KFRTP,S,FLKKS,3.1635677807387435,0.9616848975645133,79565,82735,43,64,111,P70S6KB,RPS6KB2,STK,ST,FALSE,AGC,ADDB_706_718_R5_0b129_O0xO,KKKFRtPS*FLKKs
8,S8,KFRTPSFLKKS_,KFRTP,S,FLKKS,3.263568079054951,0.9670514292621019,80009,82735,42,60,130,CDKL1,CDKL1,STK,ST,FALSE,CMGC,ADDB_706_718_R5_0b129_O0xO,KKKFRtPS*FLKKs
8,S8,KFRTPSFLKKS_,KFRTP,S,FLKKS,3.3106003754104787,0.9384903607904757,77646,82735,41,98,254,SRPK1,SRPK1,STK,ST,FALSE,CMGC,ADDB_706_718_R5_0b129_O0xO,KKKFRtPS*FLKKs
8,S8,KFRTPSFLKKS_,KFRTP,S,FLKKS,3.3410488410337402,0.9965915271650451,82453,82735,40,15,215,DRAK1,STK17A,STK,ST,FALSE,CAMK,ADDB_706_718_R5_0b129_O0xO,KKKFRtPS*FLKKs
8,S8,KFRTPSFLKKS_,KFRTP,S,FLKKS,3.3674270874464485,0.9910920408533269,81998,82735,39,28,363,PKCZ,PRKCZ,STK,ST,FALSE,AGC,ADDB_706_718_R5_0b129_O0xO,KKKFRtPS*FLKKs
8,S8,KFRTPSFLKKS_,KFRTP,S,FLKKS,3.394260778204009,0.9640780806188433,79763,82735,38,63,106,PIM1,PIM1,STK,ST,FALSE,CAMK,ADDB_706_718_R5_0b129_O0xO,KKKFRtPS*FLKKs
8,S8,KFRTPSFLKKS_,KFRTP,S,FLKKS,3.5202813384116336,0.9912129086843536,82008,82735,37,27,383,PKCB,PRKCB,STK,ST,FALSE,AGC,ADDB_706_718_R5_0b129_O0xO,KKKFRtPS*FLKKs
8,S8,KFRTPSFLKKS_,KFRTP,S,FLKKS,3.532818885535265,0.9525956366713,78813,82735,36,77,344,CLK1,CLK1,STK,ST,FALSE,CMGC,ADDB_706_718_R5_0b129_O0xO,KKKFRtPS*FLKKs
8,S8,KFRTPSFLKKS_,KFRTP,S,FLKKS,3.535860292805017,0.9806127999033057,81131,82735,35,39,227,AMPKA2,PRKAA2,STK,ST,FALSE,CAMK,ADDB_706_718_R5_0b129_O0xO,KKKFRtPS*FLKKs
8,S8,KFRTPSFLKKS_,KFRTP,S,FLKKS,3.5433307115890953,0.9616728107814105,79564,82735,34,65,341,RSK2,RPS6KA3,STK,ST,FALSE,AGC,ADDB_706_718_R5_0b129_O0xO,KKKFRtPS*FLKKs
8,S8,KFRTPSFLKKS_,KFRTP,S,FLKKS,3.7523875614355577,0.9894240647851574,81860,82735,33,31,306,CAMK4,CAMK4,STK,ST,FALSE,CAMK,ADDB_706_718_R5_0b129_O0xO,KKKFRtPS*FLKKs
8,S8,KFRTPSFLKKS_,KFRTP,S,FLKKS,3.7819252273249586,0.9680425454765215,80091,82735,32,59,338,RSK4,RPS6KA6,STK,ST,FALSE,AGC,ADDB_706_718_R5_0b129_O0xO,KKKFRtPS*FLKKs
8,S8,KFRTPSFLKKS_,KFRTP,S,FLKKS,3.786038883856515,0.9763099051187526,80775,82735,31,51,45,CHK2,CHEK2,STK,ST,FALSE,CAMK,ADDB_706_718_R5_0b129_O0xO,KKKFRtPS*FLKKs
8,S8,KFRTPSFLKKS_,KFRTP,S,FLKKS,3.804553820809484,0.9973892548498218,82519,82735,30,11,312,YANK3,STK32C,STK,ST,FALSE,AGC,ADDB_706_718_R5_0b129_O0xO,KKKFRtPS*FLKKs
8,S8,KFRTPSFLKKS_,KFRTP,S,FLKKS,3.903368651181238,0.9928446244032151,82143,82735,29,25,244,NUAK2,NUAK2,STK,ST,FALSE,CAMK,ADDB_706_718_R5_0b129_O0xO,KKKFRtPS*FLKKs
8,S8,KFRTPSFLKKS_,KFRTP,S,FLKKS,3.9598860066189396,0.9951894603251344,82337,82735,28,19,379,PKCD,PRKCD,STK,ST,FALSE,AGC,ADDB_706_718_R5_0b129_O0xO,KKKFRtPS*FLKKs
8,S8,KFRTPSFLKKS_,KFRTP,S,FLKKS,3.976547293758227,0.9784734392941319,80954,82735,27,46,112,PIM2,PIM2,STK,ST,FALSE,CAMK,ADDB_706_718_R5_0b129_O0xO,KKKFRtPS*FLKKs
8,S8,KFRTPSFLKKS_,KFRTP,S,FLKKS,3.985852463066724,0.9933643560766302,82186,82735,26,24,381,PKCA,PRKCA,STK,ST,FALSE,AGC,ADDB_706_718_R5_0b129_O0xO,KKKFRtPS*FLKKs
8,S8,KFRTPSFLKKS_,KFRTP,S,FLKKS,4.084689989354429,0.978956910618239,80994,82735,25,45,298,P90RSK,RPS6KA1,STK,ST,FALSE,AGC,ADDB_706_718_R5_0b129_O0xO,KKKFRtPS*FLKKs
8,S8,KFRTPSFLKKS_,KFRTP,S,FLKKS,4.090832880616434,0.9794887290747567,81038,82735,24,43,343,RSK3,RPS6KA2,STK,ST,FALSE,AGC,ADDB_706_718_R5_0b129_O0xO,KKKFRtPS*FLKKs
8,S8,KFRTPSFLKKS_,KFRTP,S,FLKKS,4.183444001162056,0.985918897685381,81570,82735,23,35,157,MRCKA,CDC42BPA,STK,ST,FALSE,AGC,ADDB_706_718_R5_0b129_O0xO,KKKFRtPS*FLKKs
8,S8,KFRTPSFLKKS_,KFRTP,S,FLKKS,4.299184480853244,0.9831631111379706,81342,82735,22,36,129,P70S6K,RPS6KB1,STK,ST,FALSE,AGC,ADDB_706_718_R5_0b129_O0xO,KKKFRtPS*FLKKs
8,S8,KFRTPSFLKKS_,KFRTP,S,FLKKS,4.304034814790713,0.9971837795370762,82502,82735,21,12,359,PKCH,PRKCH,STK,ST,FALSE,AGC,ADDB_706_718_R5_0b129_O0xO,KKKFRtPS*FLKKs
8,S8,KFRTPSFLKKS_,KFRTP,S,FLKKS,4.322321520553171,0.9959025805281925,82396,82735,20,17,380,PKCG,PRKCG,STK,ST,FALSE,AGC,ADDB_706_718_R5_0b129_O0xO,KKKFRtPS*FLKKs
8,S8,KFRTPSFLKKS_,KFRTP,S,FLKKS,4.437565250337,0.996289357587478,82428,82735,19,16,360,PKCT,PRKCQ,STK,ST,FALSE,AGC,ADDB_706_718_R5_0b129_O0xO,KKKFRtPS*FLKKs
8,S8,KFRTPSFLKKS_,KFRTP,S,FLKKS,4.472817557804731,0.9969783042243306,82485,82735,18,13,358,PKCI,PRKCI,STK,ST,FALSE,AGC,ADDB_706_718_R5_0b129_O0xO,KKKFRtPS*FLKKs
8,S8,KFRTPSFLKKS_,KFRTP,S,FLKKS,4.605289755814914,0.9947180757841301,82298,82735,17,21,263,MNK1,MKNK1,STK,ST,FALSE,CAMK,ADDB_706_718_R5_0b129_O0xO,KKKFRtPS*FLKKs
8,S8,KFRTPSFLKKS_,KFRTP,S,FLKKS,4.6288377909057115,0.9966036139481477,82454,82735,16,14,120,MELK,MELK,STK,ST,FALSE,CAMK,ADDB_706_718_R5_0b129_O0xO,KKKFRtPS*FLKKs
8,S8,KFRTPSFLKKS_,KFRTP,S,FLKKS,4.841608479149317,0.9945367740375899,82283,82735,15,23,382,CAMK1G,CAMK1G,STK,ST,FALSE,CAMK,ADDB_706_718_R5_0b129_O0xO,KKKFRtPS*FLKKs
8,S8,KFRTPSFLKKS_,KFRTP,S,FLKKS,4.857188673240951,0.9979573336556475,82566,82735,14,10,243,NUAK1,NUAK1,STK,ST,FALSE,CAMK,ADDB_706_718_R5_0b129_O0xO,KKKFRtPS*FLKKs
8,S8,KFRTPSFLKKS_,KFRTP,S,FLKKS,4.923323167655537,0.988541729618662,81787,82735,13,33,284,SGK3,SGK3,STK,ST,FALSE,AGC,ADDB_706_718_R5_0b129_O0xO,KKKFRtPS*FLKKs
8,S8,KFRTPSFLKKS_,KFRTP,S,FLKKS,5.0318313029303186,0.9991297516166072,82663,82735,12,4,197,PHKG1,PHKG1,STK,ST,FALSE,CAMK,ADDB_706_718_R5_0b129_O0xO,KKKFRtPS*FLKKs
8,S8,KFRTPSFLKKS_,KFRTP,S,FLKKS,5.125769912418345,0.9807820148667432,81145,82735,11,38,285,SGK1,SGK1,STK,ST,FALSE,AGC,ADDB_706_718_R5_0b129_O0xO,KKKFRtPS*FLKKs
8,S8,KFRTPSFLKKS_,KFRTP,S,FLKKS,5.128295602098176,0.9875989605366532,81709,82735,10,34,8,AKT2,AKT2,STK,ST,FALSE,AGC,ADDB_706_718_R5_0b129_O0xO,KKKFRtPS*FLKKs
8,S8,KFRTPSFLKKS_,KFRTP,S,FLKKS,5.177205693010744,0.9989847102193751,82651,82735,9,5,82,PKN3,PKN3,STK,ST,FALSE,AGC,ADDB_706_718_R5_0b129_O0xO,KKKFRtPS*FLKKs
8,S8,KFRTPSFLKKS_,KFRTP,S,FLKKS,5.232718220197363,0.9989242763038617,82646,82735,8,6,95,PKN2,PKN2,STK,ST,FALSE,AGC,ADDB_706_718_R5_0b129_O0xO,KKKFRtPS*FLKKs
8,S8,KFRTPSFLKKS_,KFRTP,S,FLKKS,5.39219828439098,0.9986341935093975,82622,82735,7,7,101,DCAMKL1,DCLK1,STK,ST,FALSE,CAMK,ADDB_706_718_R5_0b129_O0xO,KKKFRtPS*FLKKs
8,S8,KFRTPSFLKKS_,KFRTP,S,FLKKS,5.470340645127725,0.9919139421043089,82066,82735,6,26,11,AKT1,AKT1,STK,ST,FALSE,AGC,ADDB_706_718_R5_0b129_O0xO,KKKFRtPS*FLKKs
8,S8,KFRTPSFLKKS_,KFRTP,S,FLKKS,5.488852413504911,0.9992868797969421,82676,82735,5,3,198,PHKG2,PHKG2,STK,ST,FALSE,CAMK,ADDB_706_718_R5_0b129_O0xO,KKKFRtPS*FLKKs
8,S8,KFRTPSFLKKS_,KFRTP,S,FLKKS,5.544721826336438,0.998356197498036,82599,82735,4,9,378,PKCE,PRKCE,STK,ST,FALSE,AGC,ADDB_706_718_R5_0b129_O0xO,KKKFRtPS*FLKKs
8,S8,KFRTPSFLKKS_,KFRTP,S,FLKKS,5.60014448369827,0.9904756149150904,81947,82735,3,29,9,AKT3,AKT3,STK,ST,FALSE,AGC,ADDB_706_718_R5_0b129_O0xO,KKKFRtPS*FLKKs
8,S8,KFRTPSFLKKS_,KFRTP,S,FLKKS,5.745131106236426,0.9996494832900223,82706,82735,2,2,103,DCAMKL2,DCLK2,STK,ST,FALSE,CAMK,ADDB_706_718_R5_0b129_O0xO,KKKFRtPS*FLKKs
8,S8,KFRTPSFLKKS_,KFRTP,S,FLKKS,7.381295797848739,0.9996978304224331,82710,82735,1,1,97,PKN1,PKN1,STK,ST,FALSE,AGC,ADDB_706_718_R5_0b129_O0xO,KKKFRtPS*FLKKs
