sitePosition,siteLabel,siteSequence,leftSiteSequence,phosphoAcceptorSite,rightSiteSequence,score,scoreQuantile,scorePosition,scoreDistributionSize,scoreRank,quantileRank,id,name,geneName,type,normExclude,weakCatalyticActivity,motifGroup,peptide_id,sequence
8,T8,FELLPTPPLSP_,FELLP,T,PPLSP,-11.041272673472248,0.051936906992204025,4297,82735,303,233,12,PKG1,PRKG1,STK,ST,FALSE,AGC,MYC_51_63_L5_0b0_O0xO,KKFELLPT*PPLSP
8,T8,FELLPTPPLSP_,FELLP,T,PPLSP,-10.929015827927305,0.0032271710884148185,267,82735,302,300,264,MNK2,MKNK2,STK,ST,FALSE,CAMK,MYC_51_63_L5_0b0_O0xO,KKFELLPT*PPLSP
8,T8,FELLPTPPLSP_,FELLP,T,PPLSP,-10.788531585617985,0.011409923248927298,944,82735,301,285,300,PAK4,PAK4,STK,ST,FALSE,STE,MYC_51_63_L5_0b0_O0xO,KKFELLPT*PPLSP
8,T8,FELLPTPPLSP_,FELLP,T,PPLSP,-9.993775531446847,0.024922946757720433,2062,82735,300,264,299,PAK5,PAK5,STK,ST,FALSE,STE,MYC_51_63_L5_0b0_O0xO,KKFELLPT*PPLSP
8,T8,FELLPTPPLSP_,FELLP,T,PPLSP,-9.582757675612957,0.0025261376684595394,209,82735,299,302,31,PLK4,PLK4,STK,ST,FALSE,Other,MYC_51_63_L5_0b0_O0xO,KKFELLPT*PPLSP
8,T8,FELLPTPPLSP_,FELLP,T,PPLSP,-9.448752912257989,0.018504864930198827,1531,82735,298,274,93,SSTK,TSSK6,STK,ST,FALSE,CAMK,MYC_51_63_L5_0b0_O0xO,KKFELLPT*PPLSP
8,T8,FELLPTPPLSP_,FELLP,T,PPLSP,-9.344157504019446,0.014721701819060858,1218,82735,297,279,283,FAM20C,FAM20C,STK,ST,FALSE,FAM20,MYC_51_63_L5_0b0_O0xO,KKFELLPT*PPLSP
8,T8,FELLPTPPLSP_,FELLP,T,PPLSP,-9.053087033085879,0.02650631534417115,2193,82735,296,258,288,PRKX,PRKX,STK,ST,FALSE,AGC,MYC_51_63_L5_0b0_O0xO,KKFELLPT*PPLSP
8,T8,FELLPTPPLSP_,FELLP,T,PPLSP,-9.044427417110812,0.06552245119961322,5421,82735,295,223,198,PHKG2,PHKG2,STK,ST,FALSE,CAMK,MYC_51_63_L5_0b0_O0xO,KKFELLPT*PPLSP
8,T8,FELLPTPPLSP_,FELLP,T,PPLSP,-9.01501415755565,0.006164259382365383,510,82735,294,295,132,BRSK1,BRSK1,STK,ST,FALSE,CAMK,MYC_51_63_L5_0b0_O0xO,KKFELLPT*PPLSP
8,T8,FELLPTPPLSP_,FELLP,T,PPLSP,-8.951836753070268,0.01392397413428416,1152,82735,293,282,133,BRSK2,BRSK2,STK,ST,FALSE,CAMK,MYC_51_63_L5_0b0_O0xO,KKFELLPT*PPLSP
8,T8,FELLPTPPLSP_,FELLP,T,PPLSP,-8.872365185505927,0.0012811990088837856,106,82735,292,303,163,AURA,AURKA,STK,ST,FALSE,Other,MYC_51_63_L5_0b0_O0xO,KKFELLPT*PPLSP
8,T8,FELLPTPPLSP_,FELLP,T,PPLSP,-8.481458014642671,0.011857134223726355,981,82735,291,284,6,PKACB,PRKACB,STK,ST,FALSE,AGC,MYC_51_63_L5_0b0_O0xO,KKFELLPT*PPLSP
8,T8,FELLPTPPLSP_,FELLP,T,PPLSP,-8.44416696879588,0.014504139723212668,1200,82735,290,280,383,PKCB,PRKCB,STK,ST,FALSE,AGC,MYC_51_63_L5_0b0_O0xO,KKFELLPT*PPLSP
8,T8,FELLPTPPLSP_,FELLP,T,PPLSP,-8.408514886157182,0.02463286396325618,2038,82735,289,265,5,PKACA,PRKACA,STK,ST,FALSE,AGC,MYC_51_63_L5_0b0_O0xO,KKFELLPT*PPLSP
8,T8,FELLPTPPLSP_,FELLP,T,PPLSP,-8.167339342996964,0.05324227956729317,4405,82735,288,232,360,PKCT,PRKCQ,STK,ST,FALSE,AGC,MYC_51_63_L5_0b0_O0xO,KKFELLPT*PPLSP
8,T8,FELLPTPPLSP_,FELLP,T,PPLSP,-8.092219474105157,0.047597751858342904,3938,82735,287,239,295,PAK6,PAK6,STK,ST,FALSE,STE,MYC_51_63_L5_0b0_O0xO,KKFELLPT*PPLSP
8,T8,FELLPTPPLSP_,FELLP,T,PPLSP,-8.067395015353323,0.006551036441651055,542,82735,286,293,1,PKACG,PRKACG,STK,ST,FALSE,AGC,MYC_51_63_L5_0b0_O0xO,KKFELLPT*PPLSP
8,T8,FELLPTPPLSP_,FELLP,T,PPLSP,-8.05405313960804,0.02101891581555569,1739,82735,285,269,162,AURC,AURKC,STK,ST,FALSE,Other,MYC_51_63_L5_0b0_O0xO,KKFELLPT*PPLSP
8,T8,FELLPTPPLSP_,FELLP,T,PPLSP,-7.980393974100366,0.009258475856650752,766,82735,284,287,257,NDR2,STK38L,STK,ST,FALSE,AGC,MYC_51_63_L5_0b0_O0xO,KKFELLPT*PPLSP
8,T8,FELLPTPPLSP_,FELLP,T,PPLSP,-7.892712814690899,0.005813742672387744,481,82735,283,296,232,ULK1,ULK1,STK,ST,FALSE,Other,MYC_51_63_L5_0b0_O0xO,KKFELLPT*PPLSP
8,T8,FELLPTPPLSP_,FELLP,T,PPLSP,-7.842724510124545,0.0028524808122318245,236,82735,282,301,294,PAK1,PAK1,STK,ST,FALSE,STE,MYC_51_63_L5_0b0_O0xO,KKFELLPT*PPLSP
8,T8,FELLPTPPLSP_,FELLP,T,PPLSP,-7.738198148918944,0.015954553695533932,1320,82735,281,276,170,CK2A1,CSNK2A1,STK,ST,FALSE,Other,MYC_51_63_L5_0b0_O0xO,KKFELLPT*PPLSP
8,T8,FELLPTPPLSP_,FELLP,T,PPLSP,-7.726511434883164,0.03449567897504079,2854,82735,280,249,263,MNK1,MKNK1,STK,ST,FALSE,CAMK,MYC_51_63_L5_0b0_O0xO,KKFELLPT*PPLSP
8,T8,FELLPTPPLSP_,FELLP,T,PPLSP,-7.657158262991074,0.007288330210914365,603,82735,279,292,366,GCN2,EIF2AK4,STK,ST,FALSE,Other,MYC_51_63_L5_0b0_O0xO,KKFELLPT*PPLSP
8,T8,FELLPTPPLSP_,FELLP,T,PPLSP,-7.622122725510182,0.06954734997280473,5754,82735,278,217,210,SNRK,SNRK,STK,ST,FALSE,CAMK,MYC_51_63_L5_0b0_O0xO,KKFELLPT*PPLSP
8,T8,FELLPTPPLSP_,FELLP,T,PPLSP,-7.5930686390338735,0.02024536169698435,1675,82735,277,270,169,CK2A2,CSNK2A2,STK,ST,FALSE,Other,MYC_51_63_L5_0b0_O0xO,KKFELLPT*PPLSP
8,T8,FELLPTPPLSP_,FELLP,T,PPLSP,-7.507803296196485,0.014504139723212668,1200,82735,276,281,296,PAK3,PAK3,STK,ST,FALSE,STE,MYC_51_63_L5_0b0_O0xO,KKFELLPT*PPLSP
8,T8,FELLPTPPLSP_,FELLP,T,PPLSP,-7.482620118946297,0.10778993170967548,8918,82735,275,191,9,AKT3,AKT3,STK,ST,FALSE,AGC,MYC_51_63_L5_0b0_O0xO,KKFELLPT*PPLSP
8,T8,FELLPTPPLSP_,FELLP,T,PPLSP,-7.403028378343266,0.12129086843536593,10035,82735,274,179,187,ROCK1,ROCK1,STK,ST,FALSE,AGC,MYC_51_63_L5_0b0_O0xO,KKFELLPT*PPLSP
8,T8,FELLPTPPLSP_,FELLP,T,PPLSP,-7.387020445149109,0.05964827461171209,4935,82735,273,229,13,PKG2,PRKG2,STK,ST,FALSE,AGC,MYC_51_63_L5_0b0_O0xO,KKFELLPT*PPLSP
8,T8,FELLPTPPLSP_,FELLP,T,PPLSP,-7.272878325470458,0.04051489696017405,3352,82735,272,245,380,PKCG,PRKCG,STK,ST,FALSE,AGC,MYC_51_63_L5_0b0_O0xO,KKFELLPT*PPLSP
8,T8,FELLPTPPLSP_,FELLP,T,PPLSP,-7.237685260898516,0.018988336254305918,1571,82735,271,273,377,LATS2,LATS2,STK,ST,FALSE,AGC,MYC_51_63_L5_0b0_O0xO,KKFELLPT*PPLSP
8,T8,FELLPTPPLSP_,FELLP,T,PPLSP,-7.125974849738048,0.04510787453919139,3732,82735,270,242,359,PKCH,PRKCH,STK,ST,FALSE,AGC,MYC_51_63_L5_0b0_O0xO,KKFELLPT*PPLSP
8,T8,FELLPTPPLSP_,FELLP,T,PPLSP,-7.0880628180974,0.008194838943615158,678,82735,269,289,256,NDR1,STK38,STK,ST,FALSE,AGC,MYC_51_63_L5_0b0_O0xO,KKFELLPT*PPLSP
8,T8,FELLPTPPLSP_,FELLP,T,PPLSP,-6.95020940666441,0.010684716262766665,884,82735,268,286,137,MSK2,RPS6KA4,STK,ST,FALSE,AGC,MYC_51_63_L5_0b0_O0xO,KKFELLPT*PPLSP
8,T8,FELLPTPPLSP_,FELLP,T,PPLSP,-6.936236939144494,0.021381519308636007,1769,82735,267,268,313,MLK4,MAP3K21,STK,ST,FALSE,TKL,MYC_51_63_L5_0b0_O0xO,KKFELLPT*PPLSP
8,T8,FELLPTPPLSP_,FELLP,T,PPLSP,-6.909511960000802,0.04140931890977216,3426,82735,266,244,161,AURB,AURKB,STK,ST,FALSE,Other,MYC_51_63_L5_0b0_O0xO,KKFELLPT*PPLSP
8,T8,FELLPTPPLSP_,FELLP,T,PPLSP,-6.9026057436195,0.01828730283435064,1513,82735,265,275,58,CK1G1,CSNK1G1,STK,ST,FALSE,CK1,MYC_51_63_L5_0b0_O0xO,KKFELLPT*PPLSP
8,T8,FELLPTPPLSP_,FELLP,T,PPLSP,-6.851791327582004,0.17518583429020365,14494,82735,264,151,97,PKN1,PKN1,STK,ST,FALSE,AGC,MYC_51_63_L5_0b0_O0xO,KKFELLPT*PPLSP
8,T8,FELLPTPPLSP_,FELLP,T,PPLSP,-6.7407938509900465,0.09807215809512299,8114,82735,263,193,197,PHKG1,PHKG1,STK,ST,FALSE,CAMK,MYC_51_63_L5_0b0_O0xO,KKFELLPT*PPLSP
8,T8,FELLPTPPLSP_,FELLP,T,PPLSP,-6.740492435768047,0.027485344775488006,2274,82735,262,255,136,MSK1,RPS6KA5,STK,ST,FALSE,AGC,MYC_51_63_L5_0b0_O0xO,KKFELLPT*PPLSP
8,T8,FELLPTPPLSP_,FELLP,T,PPLSP,-6.6925625039456405,0.04328277029068713,3581,82735,261,243,284,SGK3,SGK3,STK,ST,FALSE,AGC,MYC_51_63_L5_0b0_O0xO,KKFELLPT*PPLSP
8,T8,FELLPTPPLSP_,FELLP,T,PPLSP,-6.674092107256379,0.03067625551459479,2538,82735,260,253,127,TSSK1,TSSK1B,STK,ST,FALSE,CAMK,MYC_51_63_L5_0b0_O0xO,KKFELLPT*PPLSP
8,T8,FELLPTPPLSP_,FELLP,T,PPLSP,-6.660679565093272,0.025756934791805162,2131,82735,259,262,95,PKN2,PKN2,STK,ST,FALSE,AGC,MYC_51_63_L5_0b0_O0xO,KKFELLPT*PPLSP
8,T8,FELLPTPPLSP_,FELLP,T,PPLSP,-6.636141039778603,0.006490602526137669,537,82735,258,294,230,ULK2,ULK2,STK,ST,FALSE,Other,MYC_51_63_L5_0b0_O0xO,KKFELLPT*PPLSP
8,T8,FELLPTPPLSP_,FELLP,T,PPLSP,-6.593054467726648,0.019435547229104972,1608,82735,257,271,297,PAK2,PAK2,STK,ST,FALSE,STE,MYC_51_63_L5_0b0_O0xO,KKFELLPT*PPLSP
8,T8,FELLPTPPLSP_,FELLP,T,PPLSP,-6.529152230004833,0.06600592252372031,5461,82735,256,222,335,MARK3,MARK3,STK,ST,FALSE,CAMK,MYC_51_63_L5_0b0_O0xO,KKFELLPT*PPLSP
8,T8,FELLPTPPLSP_,FELLP,T,PPLSP,-6.427209470395129,0.18756270018734514,15518,82735,255,145,364,CAMK1A,CAMK1,STK,ST,FALSE,CAMK,MYC_51_63_L5_0b0_O0xO,KKFELLPT*PPLSP
8,T8,FELLPTPPLSP_,FELLP,T,PPLSP,-6.419636877763371,0.026143711851090833,2163,82735,254,260,384,CAMK2B,CAMK2B,STK,ST,FALSE,CAMK,MYC_51_63_L5_0b0_O0xO,KKFELLPT*PPLSP
8,T8,FELLPTPPLSP_,FELLP,T,PPLSP,-6.368129667662655,0.07049011905481356,5832,82735,253,216,381,PKCA,PRKCA,STK,ST,FALSE,AGC,MYC_51_63_L5_0b0_O0xO,KKFELLPT*PPLSP
8,T8,FELLPTPPLSP_,FELLP,T,PPLSP,-6.360557839396347,0.07156584275095183,5921,82735,252,214,382,CAMK1G,CAMK1G,STK,ST,FALSE,CAMK,MYC_51_63_L5_0b0_O0xO,KKFELLPT*PPLSP
8,T8,FELLPTPPLSP_,FELLP,T,PPLSP,-6.354090289100654,0.11507826192058984,9521,82735,251,186,155,MRCKB,CDC42BPB,STK,ST,FALSE,AGC,MYC_51_63_L5_0b0_O0xO,KKFELLPT*PPLSP
8,T8,FELLPTPPLSP_,FELLP,T,PPLSP,-6.339203836689509,0.08719405330271349,7214,82735,250,201,75,SIK,SIK1,STK,ST,FALSE,CAMK,MYC_51_63_L5_0b0_O0xO,KKFELLPT*PPLSP
8,T8,FELLPTPPLSP_,FELLP,T,PPLSP,-6.3222860832566585,0.09146068773795854,7567,82735,249,198,337,MARK1,MARK1,STK,ST,FALSE,CAMK,MYC_51_63_L5_0b0_O0xO,KKFELLPT*PPLSP
8,T8,FELLPTPPLSP_,FELLP,T,PPLSP,-6.260468479887986,0.09229467577204327,7636,82735,248,196,138,STK33,STK33,STK,ST,FALSE,CAMK,MYC_51_63_L5_0b0_O0xO,KKFELLPT*PPLSP
8,T8,FELLPTPPLSP_,FELLP,T,PPLSP,-6.25802384083154,0.08100562035414274,6702,82735,247,204,124,MAPKAPK2,MAPKAPK2,STK,ST,FALSE,CAMK,MYC_51_63_L5_0b0_O0xO,KKFELLPT*PPLSP
8,T8,FELLPTPPLSP_,FELLP,T,PPLSP,-6.223979248796255,0.026881005620354143,2224,82735,246,257,258,WNK1,WNK1,STK,ST,FALSE,Other,MYC_51_63_L5_0b0_O0xO,KKFELLPT*PPLSP
8,T8,FELLPTPPLSP_,FELLP,T,PPLSP,-6.2148740477996025,0.1625309723817006,13447,82735,245,154,317,OSR1,OXSR1,STK,ST,FALSE,STE,MYC_51_63_L5_0b0_O0xO,KKFELLPT*PPLSP
8,T8,FELLPTPPLSP_,FELLP,T,PPLSP,-6.198419678905778,0.07907173505771439,6542,82735,244,207,120,MELK,MELK,STK,ST,FALSE,CAMK,MYC_51_63_L5_0b0_O0xO,KKFELLPT*PPLSP
8,T8,FELLPTPPLSP_,FELLP,T,PPLSP,-6.178337496844312,0.1809512298301807,14971,82735,243,148,378,PKCE,PRKCE,STK,ST,FALSE,AGC,MYC_51_63_L5_0b0_O0xO,KKFELLPT*PPLSP
8,T8,FELLPTPPLSP_,FELLP,T,PPLSP,-6.123266744301521,0.04996676134646764,4134,82735,242,236,237,WNK4,WNK4,STK,ST,FALSE,Other,MYC_51_63_L5_0b0_O0xO,KKFELLPT*PPLSP
8,T8,FELLPTPPLSP_,FELLP,T,PPLSP,-6.087250468230856,0.15415483169154529,12754,82735,241,160,189,ROCK2,ROCK2,STK,ST,FALSE,AGC,MYC_51_63_L5_0b0_O0xO,KKFELLPT*PPLSP
8,T8,FELLPTPPLSP_,FELLP,T,PPLSP,-6.064823488467014,0.01941137366289962,1606,82735,240,272,259,WNK3,WNK3,STK,ST,FALSE,Other,MYC_51_63_L5_0b0_O0xO,KKFELLPT*PPLSP
8,T8,FELLPTPPLSP_,FELLP,T,PPLSP,-6.05987353970876,0.06918474647972442,5724,82735,239,218,336,MARK2,MARK2,STK,ST,FALSE,CAMK,MYC_51_63_L5_0b0_O0xO,KKFELLPT*PPLSP
8,T8,FELLPTPPLSP_,FELLP,T,PPLSP,-6.05922653793773,0.014733788602163534,1219,82735,238,278,328,GRK4,GRK4,STK,ST,FALSE,AGC,MYC_51_63_L5_0b0_O0xO,KKFELLPT*PPLSP
8,T8,FELLPTPPLSP_,FELLP,T,PPLSP,-6.047523803844388,0.03008400314256361,2489,82735,237,254,242,TTBK2,TTBK2,STK,ST,FALSE,CK1,MYC_51_63_L5_0b0_O0xO,KKFELLPT*PPLSP
8,T8,FELLPTPPLSP_,FELLP,T,PPLSP,-5.985981289845956,0.11959871880099111,9895,82735,236,183,367,CAMK1D,CAMK1D,STK,ST,FALSE,CAMK,MYC_51_63_L5_0b0_O0xO,KKFELLPT*PPLSP
8,T8,FELLPTPPLSP_,FELLP,T,PPLSP,-5.970428700490834,0.16307487762132108,13492,82735,235,153,241,TTBK1,TTBK1,STK,ST,FALSE,CK1,MYC_51_63_L5_0b0_O0xO,KKFELLPT*PPLSP
8,T8,FELLPTPPLSP_,FELLP,T,PPLSP,-5.956538166745765,0.02215507342720735,1833,82735,234,267,379,PKCD,PRKCD,STK,ST,FALSE,AGC,MYC_51_63_L5_0b0_O0xO,KKFELLPT*PPLSP
8,T8,FELLPTPPLSP_,FELLP,T,PPLSP,-5.925368229574455,0.08088475252311597,6692,82735,233,206,306,CAMK4,CAMK4,STK,ST,FALSE,CAMK,MYC_51_63_L5_0b0_O0xO,KKFELLPT*PPLSP
8,T8,FELLPTPPLSP_,FELLP,T,PPLSP,-5.918891469202592,0.026155798634193508,2164,82735,232,259,172,TLK1,TLK1,STK,ST,FALSE,Other,MYC_51_63_L5_0b0_O0xO,KKFELLPT*PPLSP
8,T8,FELLPTPPLSP_,FELLP,T,PPLSP,-5.907099366123114,0.0860699824741645,7121,82735,231,202,331,IRE1,ERN1,STK,ST,FALSE,Other,MYC_51_63_L5_0b0_O0xO,KKFELLPT*PPLSP
8,T8,FELLPTPPLSP_,FELLP,T,PPLSP,-5.8704861034388305,0.025358070949416812,2098,82735,230,263,207,BCKDK,BCKDK,STK,ST,FALSE,PDHK,MYC_51_63_L5_0b0_O0xO,KKFELLPT*PPLSP
8,T8,FELLPTPPLSP_,FELLP,T,PPLSP,-5.867912030941166,0.004665498277633408,386,82735,229,298,215,DRAK1,STK17A,STK,ST,FALSE,CAMK,MYC_51_63_L5_0b0_O0xO,KKFELLPT*PPLSP
8,T8,FELLPTPPLSP_,FELLP,T,PPLSP,-5.864104133746261,0.09399891218952076,7777,82735,228,195,363,PKCZ,PRKCZ,STK,ST,FALSE,AGC,MYC_51_63_L5_0b0_O0xO,KKFELLPT*PPLSP
8,T8,FELLPTPPLSP_,FELLP,T,PPLSP,-5.840820424084636,0.07239983078503656,5990,82735,227,213,128,TSSK2,TSSK2,STK,ST,FALSE,CAMK,MYC_51_63_L5_0b0_O0xO,KKFELLPT*PPLSP
8,T8,FELLPTPPLSP_,FELLP,T,PPLSP,-5.791836756092302,0.08339880340847283,6900,82735,226,203,253,QSK,SIK3,STK,ST,FALSE,CAMK,MYC_51_63_L5_0b0_O0xO,KKFELLPT*PPLSP
8,T8,FELLPTPPLSP_,FELLP,T,PPLSP,-5.7813128947391705,0.048129570314860697,3982,82735,225,238,343,RSK3,RPS6KA2,STK,ST,FALSE,AGC,MYC_51_63_L5_0b0_O0xO,KKFELLPT*PPLSP
8,T8,FELLPTPPLSP_,FELLP,T,PPLSP,-5.727751395533613,0.07261739288088476,6008,82735,224,212,29,NIM1,NIM1K,STK,ST,FALSE,CAMK,MYC_51_63_L5_0b0_O0xO,KKFELLPT*PPLSP
8,T8,FELLPTPPLSP_,FELLP,T,PPLSP,-5.7231536589201895,0.2034930803166737,16836,82735,223,138,358,PKCI,PRKCI,STK,ST,FALSE,AGC,MYC_51_63_L5_0b0_O0xO,KKFELLPT*PPLSP
8,T8,FELLPTPPLSP_,FELLP,T,PPLSP,-5.625049343370702,0.04647368102979392,3845,82735,222,241,273,MST4,STK26,STK,ST,FALSE,STE,MYC_51_63_L5_0b0_O0xO,KKFELLPT*PPLSP
8,T8,FELLPTPPLSP_,FELLP,T,PPLSP,-5.597445020738563,0.11401462500755424,9433,82735,221,188,119,QIK,SIK2,STK,ST,FALSE,CAMK,MYC_51_63_L5_0b0_O0xO,KKFELLPT*PPLSP
8,T8,FELLPTPPLSP_,FELLP,T,PPLSP,-5.556389248294178,0.033480389194415906,2770,82735,220,250,310,MLK3,MAP3K11,STK,ST,FALSE,TKL,MYC_51_63_L5_0b0_O0xO,KKFELLPT*PPLSP
8,T8,FELLPTPPLSP_,FELLP,T,PPLSP,-5.5496248483804855,0.10388590076751072,8595,82735,219,192,327,IRE2,ERN2,STK,ST,FALSE,Other,MYC_51_63_L5_0b0_O0xO,KKFELLPT*PPLSP
8,T8,FELLPTPPLSP_,FELLP,T,PPLSP,-5.544927358137169,0.19103160693781351,15805,82735,218,144,157,MRCKA,CDC42BPA,STK,ST,FALSE,AGC,MYC_51_63_L5_0b0_O0xO,KKFELLPT*PPLSP
8,T8,FELLPTPPLSP_,FELLP,T,PPLSP,-5.543723749067713,0.0788541729618662,6524,82735,217,208,227,AMPKA2,PRKAA2,STK,ST,FALSE,CAMK,MYC_51_63_L5_0b0_O0xO,KKFELLPT*PPLSP
8,T8,FELLPTPPLSP_,FELLP,T,PPLSP,-5.470870467227856,0.008255272859128544,683,82735,216,288,109,PIM3,PIM3,STK,ST,FALSE,CAMK,MYC_51_63_L5_0b0_O0xO,KKFELLPT*PPLSP
8,T8,FELLPTPPLSP_,FELLP,T,PPLSP,-5.447166684872358,0.07817731310811628,6468,82735,215,209,100,MYLK4,MYLK4,STK,ST,FALSE,CAMK,MYC_51_63_L5_0b0_O0xO,KKFELLPT*PPLSP
8,T8,FELLPTPPLSP_,FELLP,T,PPLSP,-5.421318515698679,0.3078261920589835,25468,82735,214,115,84,TAO1,TAOK1,STK,ST,FALSE,STE,MYC_51_63_L5_0b0_O0xO,KKFELLPT*PPLSP
8,T8,FELLPTPPLSP_,FELLP,T,PPLSP,-5.391759079374655,0.19943192119417416,16500,82735,213,140,11,AKT1,AKT1,STK,ST,FALSE,AGC,MYC_51_63_L5_0b0_O0xO,KKFELLPT*PPLSP
8,T8,FELLPTPPLSP_,FELLP,T,PPLSP,-5.383264381315775,0.007687194053302713,636,82735,212,290,146,COT,MAP3K8,STK,ST,FALSE,STE,MYC_51_63_L5_0b0_O0xO,KKFELLPT*PPLSP
8,T8,FELLPTPPLSP_,FELLP,T,PPLSP,-5.371041037703643,0.061340424246086905,5075,82735,211,227,101,DCAMKL1,DCLK1,STK,ST,FALSE,CAMK,MYC_51_63_L5_0b0_O0xO,KKFELLPT*PPLSP
8,T8,FELLPTPPLSP_,FELLP,T,PPLSP,-5.368193059373576,0.14134284160270744,11694,82735,210,166,362,EEF2K,EEF2K,STK,ST,FALSE,Alpha,MYC_51_63_L5_0b0_O0xO,KKFELLPT*PPLSP
8,T8,FELLPTPPLSP_,FELLP,T,PPLSP,-5.358696705747255,0.12705626397534298,10512,82735,209,175,243,NUAK1,NUAK1,STK,ST,FALSE,CAMK,MYC_51_63_L5_0b0_O0xO,KKFELLPT*PPLSP
8,T8,FELLPTPPLSP_,FELLP,T,PPLSP,-5.354968808217381,0.1924578473439294,15923,82735,208,143,326,IRAK1,IRAK1,STK,ST,FALSE,TKL,MYC_51_63_L5_0b0_O0xO,KKFELLPT*PPLSP
8,T8,FELLPTPPLSP_,FELLP,T,PPLSP,-5.3471193123232,0.059926270623073666,4958,82735,207,228,231,AMPKA1,PRKAA1,STK,ST,FALSE,CAMK,MYC_51_63_L5_0b0_O0xO,KKFELLPT*PPLSP
8,T8,FELLPTPPLSP_,FELLP,T,PPLSP,-5.330328569508167,0.026977699885175562,2232,82735,206,256,373,TGFBR2,TGFBR2,STK,ST,FALSE,TKL,MYC_51_63_L5_0b0_O0xO,KKFELLPT*PPLSP
8,T8,FELLPTPPLSP_,FELLP,T,PPLSP,-5.314440800427689,0.13716081464918112,11348,82735,205,169,24,PRKD2,PRKD2,STK,ST,FALSE,CAMK,MYC_51_63_L5_0b0_O0xO,KKFELLPT*PPLSP
8,T8,FELLPTPPLSP_,FELLP,T,PPLSP,-5.2962396919885535,0.2894059346105034,23944,82735,204,121,191,YSK1,STK25,STK,ST,FALSE,STE,MYC_51_63_L5_0b0_O0xO,KKFELLPT*PPLSP
8,T8,FELLPTPPLSP_,FELLP,T,PPLSP,-5.28644814207119,0.03319030639995165,2746,82735,203,251,334,MARK4,MARK4,STK,ST,FALSE,CAMK,MYC_51_63_L5_0b0_O0xO,KKFELLPT*PPLSP
8,T8,FELLPTPPLSP_,FELLP,T,PPLSP,-5.240584959322799,0.11803952378074575,9766,82735,202,184,338,RSK4,RPS6KA6,STK,ST,FALSE,AGC,MYC_51_63_L5_0b0_O0xO,KKFELLPT*PPLSP
8,T8,FELLPTPPLSP_,FELLP,T,PPLSP,-5.218491075016757,0.5846618722427026,48372,82735,201,70,18,STLK3,STK39,STK,ST,FALSE,STE,MYC_51_63_L5_0b0_O0xO,KKFELLPT*PPLSP
8,T8,FELLPTPPLSP_,FELLP,T,PPLSP,-5.218298730557094,0.16070586813319634,13296,82735,200,156,285,SGK1,SGK1,STK,ST,FALSE,AGC,MYC_51_63_L5_0b0_O0xO,KKFELLPT*PPLSP
8,T8,FELLPTPPLSP_,FELLP,T,PPLSP,-5.2113396756329795,0.01188130778993171,983,82735,199,283,7,TBK1,TBK1,STK,ST,FALSE,Other,MYC_51_63_L5_0b0_O0xO,KKFELLPT*PPLSP
8,T8,FELLPTPPLSP_,FELLP,T,PPLSP,-5.166283984316823,0.005777482323079713,478,82735,198,297,82,PKN3,PKN3,STK,ST,FALSE,AGC,MYC_51_63_L5_0b0_O0xO,KKFELLPT*PPLSP
8,T8,FELLPTPPLSP_,FELLP,T,PPLSP,-5.155739608729385,0.1928929715356258,15959,82735,197,142,370,IRAK4,IRAK4,STK,ST,FALSE,TKL,MYC_51_63_L5_0b0_O0xO,KKFELLPT*PPLSP
8,T8,FELLPTPPLSP_,FELLP,T,PPLSP,-5.121034367994243,0.03537801414153623,2927,82735,196,247,38,PLK1,PLK1,STK,ST,FALSE,Other,MYC_51_63_L5_0b0_O0xO,KKFELLPT*PPLSP
8,T8,FELLPTPPLSP_,FELLP,T,PPLSP,-5.09639069507645,0.14021877077415845,11601,82735,195,167,15,DAPK1,DAPK1,STK,ST,FALSE,CAMK,MYC_51_63_L5_0b0_O0xO,KKFELLPT*PPLSP
8,T8,FELLPTPPLSP_,FELLP,T,PPLSP,-5.086851507071915,0.15237807457545174,12607,82735,194,161,17,DAPK3,DAPK3,STK,ST,FALSE,CAMK,MYC_51_63_L5_0b0_O0xO,KKFELLPT*PPLSP
8,T8,FELLPTPPLSP_,FELLP,T,PPLSP,-5.076550662283354,0.04971293890131141,4113,82735,193,237,369,HUNK,HUNK,STK,ST,FALSE,CAMK,MYC_51_63_L5_0b0_O0xO,KKFELLPT*PPLSP
8,T8,FELLPTPPLSP_,FELLP,T,PPLSP,-5.031957758102656,0.32117000060433915,26572,82735,192,113,226,HASPIN,HASPIN,STK,ST,FALSE,Other,MYC_51_63_L5_0b0_O0xO,KKFELLPT*PPLSP
8,T8,FELLPTPPLSP_,FELLP,T,PPLSP,-4.998361832036302,0.03528131987671481,2919,82735,191,248,171,TLK2,TLK2,STK,ST,FALSE,Other,MYC_51_63_L5_0b0_O0xO,KKFELLPT*PPLSP
8,T8,FELLPTPPLSP_,FELLP,T,PPLSP,-4.967078357041668,0.2510183114764006,20768,82735,190,126,117,VRK1,VRK1,STK,ST,FALSE,CK1,MYC_51_63_L5_0b0_O0xO,KKFELLPT*PPLSP
8,T8,FELLPTPPLSP_,FELLP,T,PPLSP,-4.9614125167937955,0.24453979573336557,20232,82735,189,128,318,LOK,STK10,STK,ST,FALSE,STE,MYC_51_63_L5_0b0_O0xO,KKFELLPT*PPLSP
8,T8,FELLPTPPLSP_,FELLP,T,PPLSP,-4.959422926457678,0.07270200036260349,6015,82735,188,211,333,RIPK1,RIPK1,STK,ST,FALSE,TKL,MYC_51_63_L5_0b0_O0xO,KKFELLPT*PPLSP
8,T8,FELLPTPPLSP_,FELLP,T,PPLSP,-4.94156125495506,0.05084909651296308,4207,82735,187,235,341,RSK2,RPS6KA3,STK,ST,FALSE,AGC,MYC_51_63_L5_0b0_O0xO,KKFELLPT*PPLSP
8,T8,FELLPTPPLSP_,FELLP,T,PPLSP,-4.935191575042897,0.2504260591043694,20719,82735,186,127,105,SLK,SLK,STK,ST,FALSE,STE,MYC_51_63_L5_0b0_O0xO,KKFELLPT*PPLSP
8,T8,FELLPTPPLSP_,FELLP,T,PPLSP,-4.874038521133548,0.124433432042062,10295,82735,185,177,108,NEK2,NEK2,STK,ST,FALSE,Other,MYC_51_63_L5_0b0_O0xO,KKFELLPT*PPLSP
8,T8,FELLPTPPLSP_,FELLP,T,PPLSP,-4.867579462427306,0.07777844926572793,6435,82735,184,210,143,NEK6,NEK6,STK,ST,FALSE,Other,MYC_51_63_L5_0b0_O0xO,KKFELLPT*PPLSP
8,T8,FELLPTPPLSP_,FELLP,T,PPLSP,-4.866376177975517,0.09016740194597207,7460,82735,183,200,144,NEK7,NEK7,STK,ST,FALSE,Other,MYC_51_63_L5_0b0_O0xO,KKFELLPT*PPLSP
8,T8,FELLPTPPLSP_,FELLP,T,PPLSP,-4.8610118287802955,0.026083277935577447,2158,82735,182,261,308,MLK1,MAP3K9,STK,ST,FALSE,TKL,MYC_51_63_L5_0b0_O0xO,KKFELLPT*PPLSP
8,T8,FELLPTPPLSP_,FELLP,T,PPLSP,-4.856512297812506,0.22390765697709555,18525,82735,181,133,125,MAPKAPK5,MAPKAPK5,STK,ST,FALSE,CAMK,MYC_51_63_L5_0b0_O0xO,KKFELLPT*PPLSP
8,T8,FELLPTPPLSP_,FELLP,T,PPLSP,-4.824926509160046,0.12988457122136943,10746,82735,180,173,246,SRPK2,SRPK2,STK,ST,FALSE,CMGC,MYC_51_63_L5_0b0_O0xO,KKFELLPT*PPLSP
8,T8,FELLPTPPLSP_,FELLP,T,PPLSP,-4.779491437565079,0.06321387562700187,5230,82735,179,226,385,CAMK2D,CAMK2D,STK,ST,FALSE,CAMK,MYC_51_63_L5_0b0_O0xO,KKFELLPT*PPLSP
8,T8,FELLPTPPLSP_,FELLP,T,PPLSP,-4.777401051112008,0.06877379585423339,5690,82735,178,219,54,HRI,EIF2AK1,STK,ST,FALSE,Other,MYC_51_63_L5_0b0_O0xO,KKFELLPT*PPLSP
8,T8,FELLPTPPLSP_,FELLP,T,PPLSP,-4.765228324321344,0.39518946032513447,32696,82735,177,96,72,RIPK2,RIPK2,STK,ST,FALSE,TKL,MYC_51_63_L5_0b0_O0xO,KKFELLPT*PPLSP
8,T8,FELLPTPPLSP_,FELLP,T,PPLSP,-4.749222952253199,0.2833141959267541,23440,82735,176,122,129,P70S6K,RPS6KB1,STK,ST,FALSE,AGC,MYC_51_63_L5_0b0_O0xO,KKFELLPT*PPLSP
8,T8,FELLPTPPLSP_,FELLP,T,PPLSP,-4.731323862971581,0.15194295038375535,12571,82735,175,162,121,MAPKAPK3,MAPKAPK3,STK,ST,FALSE,CAMK,MYC_51_63_L5_0b0_O0xO,KKFELLPT*PPLSP
8,T8,FELLPTPPLSP_,FELLP,T,PPLSP,-4.679488157691429,0.06386656191454644,5284,82735,174,225,387,CAMK2A,CAMK2A,STK,ST,FALSE,CAMK,MYC_51_63_L5_0b0_O0xO,KKFELLPT*PPLSP
8,T8,FELLPTPPLSP_,FELLP,T,PPLSP,-4.568490294927318,0.022952801111984045,1899,82735,173,266,111,P70S6KB,RPS6KB2,STK,ST,FALSE,AGC,MYC_51_63_L5_0b0_O0xO,KKFELLPT*PPLSP
8,T8,FELLPTPPLSP_,FELLP,T,PPLSP,-4.5224537757093515,0.17956124977337282,14856,82735,172,149,8,AKT2,AKT2,STK,ST,FALSE,AGC,MYC_51_63_L5_0b0_O0xO,KKFELLPT*PPLSP
8,T8,FELLPTPPLSP_,FELLP,T,PPLSP,-4.511038066351947,0.06760137789327371,5593,82735,171,220,204,IKKE,IKBKE,STK,ST,FALSE,Other,MYC_51_63_L5_0b0_O0xO,KKFELLPT*PPLSP
8,T8,FELLPTPPLSP_,FELLP,T,PPLSP,-4.4961826105441896,0.04724723514836526,3909,82735,170,240,65,CK1G3,CSNK1G3,STK,ST,FALSE,CK1,MYC_51_63_L5_0b0_O0xO,KKFELLPT*PPLSP
8,T8,FELLPTPPLSP_,FELLP,T,PPLSP,-4.484583664728926,0.06479724421345259,5361,82735,169,224,250,MEKK3,MAP3K3,STK,ST,FALSE,STE,MYC_51_63_L5_0b0_O0xO,KKFELLPT*PPLSP
8,T8,FELLPTPPLSP_,FELLP,T,PPLSP,-4.454232480773625,0.439318305433009,36347,82735,168,91,361,DMPK1,DMPK,STK,ST,FALSE,AGC,MYC_51_63_L5_0b0_O0xO,KKFELLPT*PPLSP
8,T8,FELLPTPPLSP_,FELLP,T,PPLSP,-4.4278023545203835,0.5620112407082855,46498,82735,167,73,183,MYO3A,MYO3A,STK,ST,FALSE,STE,MYC_51_63_L5_0b0_O0xO,KKFELLPT*PPLSP
8,T8,FELLPTPPLSP_,FELLP,T,PPLSP,-4.403309044589921,0.3913458632984831,32378,82735,166,98,275,MST1,STK4,STK,ST,FALSE,STE,MYC_51_63_L5_0b0_O0xO,KKFELLPT*PPLSP
8,T8,FELLPTPPLSP_,FELLP,T,PPLSP,-4.39327682168235,0.051332567837070166,4247,82735,165,234,106,PIM1,PIM1,STK,ST,FALSE,CAMK,MYC_51_63_L5_0b0_O0xO,KKFELLPT*PPLSP
8,T8,FELLPTPPLSP_,FELLP,T,PPLSP,-4.373236958694599,0.13687073185471688,11324,82735,164,170,34,PLK3,PLK3,STK,ST,FALSE,Other,MYC_51_63_L5_0b0_O0xO,KKFELLPT*PPLSP
8,T8,FELLPTPPLSP_,FELLP,T,PPLSP,-4.357227143658417,0.2009669426482142,16627,82735,163,139,22,PRKD3,PRKD3,STK,ST,FALSE,CAMK,MYC_51_63_L5_0b0_O0xO,KKFELLPT*PPLSP
8,T8,FELLPTPPLSP_,FELLP,T,PPLSP,-4.35232364760052,0.054632259624101044,4520,82735,162,231,193,YSK4,MAP3K19,STK,ST,FALSE,STE,MYC_51_63_L5_0b0_O0xO,KKFELLPT*PPLSP
8,T8,FELLPTPPLSP_,FELLP,T,PPLSP,-4.288716465217038,0.16167281078141052,13376,82735,161,155,25,PRKD1,PRKD1,STK,ST,FALSE,CAMK,MYC_51_63_L5_0b0_O0xO,KKFELLPT*PPLSP
8,T8,FELLPTPPLSP_,FELLP,T,PPLSP,-4.261793106384337,0.38442013658064905,31805,82735,160,100,53,MINK,MINK1,STK,ST,FALSE,STE,MYC_51_63_L5_0b0_O0xO,KKFELLPT*PPLSP
8,T8,FELLPTPPLSP_,FELLP,T,PPLSP,-4.246863188642423,0.29814467879373907,24667,82735,159,119,126,TNIK,TNIK,STK,ST,FALSE,STE,MYC_51_63_L5_0b0_O0xO,KKFELLPT*PPLSP
8,T8,FELLPTPPLSP_,FELLP,T,PPLSP,-4.238198147411521,0.0665981748957515,5510,82735,158,221,63,CK1G2,CSNK1G2,STK,ST,FALSE,CK1,MYC_51_63_L5_0b0_O0xO,KKFELLPT*PPLSP
8,T8,FELLPTPPLSP_,FELLP,T,PPLSP,-4.199481145175508,0.3917689007070768,32413,82735,157,97,28,TAK1,MAP3K7,STK,ST,FALSE,TKL,MYC_51_63_L5_0b0_O0xO,KKFELLPT*PPLSP
8,T8,FELLPTPPLSP_,FELLP,T,PPLSP,-4.190595539827564,0.14589955883241676,12071,82735,156,163,66,DSTYK,DSTYK,STK,ST,FALSE,TKL,MYC_51_63_L5_0b0_O0xO,KKFELLPT*PPLSP
8,T8,FELLPTPPLSP_,FELLP,T,PPLSP,-4.12087858871165,0.014999697830422433,1241,82735,155,277,61,CK1E,CSNK1E,STK,ST,FALSE,CK1,MYC_51_63_L5_0b0_O0xO,KKFELLPT*PPLSP
8,T8,FELLPTPPLSP_,FELLP,T,PPLSP,-4.077623071509508,0.18643862935879615,15425,82735,154,146,213,ZAK,MAP3K20,STK,ST,FALSE,TKL,MYC_51_63_L5_0b0_O0xO,KKFELLPT*PPLSP
8,T8,FELLPTPPLSP_,FELLP,T,PPLSP,-4.068489967155809,0.4185652988457122,34630,82735,153,92,56,KHS2,MAP4K3,STK,ST,FALSE,STE,MYC_51_63_L5_0b0_O0xO,KKFELLPT*PPLSP
8,T8,FELLPTPPLSP_,FELLP,T,PPLSP,-4.067815751176514,0.3655164078080619,30241,82735,152,103,42,HPK1,MAP4K1,STK,ST,FALSE,STE,MYC_51_63_L5_0b0_O0xO,KKFELLPT*PPLSP
8,T8,FELLPTPPLSP_,FELLP,T,PPLSP,-4.03560981940099,0.3727805644527709,30842,82735,151,102,271,MST2,STK3,STK,ST,FALSE,STE,MYC_51_63_L5_0b0_O0xO,KKFELLPT*PPLSP
8,T8,FELLPTPPLSP_,FELLP,T,PPLSP,-4.013903765219947,0.23343204206200519,19313,82735,150,131,351,BMPR1A,BMPR1A,STK,ST,FALSE,TKL,MYC_51_63_L5_0b0_O0xO,KKFELLPT*PPLSP
8,T8,FELLPTPPLSP_,FELLP,T,PPLSP,-3.9547269110887444,0.205354444914486,16990,82735,149,137,112,PIM2,PIM2,STK,ST,FALSE,CAMK,MYC_51_63_L5_0b0_O0xO,KKFELLPT*PPLSP
8,T8,FELLPTPPLSP_,FELLP,T,PPLSP,-3.953930096223321,0.41745331480026593,34538,82735,148,93,110,NEK3,NEK3,STK,ST,FALSE,Other,MYC_51_63_L5_0b0_O0xO,KKFELLPT*PPLSP
8,T8,FELLPTPPLSP_,FELLP,T,PPLSP,-3.9024871431129697,0.24194113736628997,20017,82735,147,129,200,IKKA,CHUK,STK,ST,FALSE,Other,MYC_51_63_L5_0b0_O0xO,KKFELLPT*PPLSP
8,T8,FELLPTPPLSP_,FELLP,T,PPLSP,-3.8885843170833034,0.5386354021877078,44564,82735,146,75,195,CRIK,CIT,STK,ST,FALSE,AGC,MYC_51_63_L5_0b0_O0xO,KKFELLPT*PPLSP
8,T8,FELLPTPPLSP_,FELLP,T,PPLSP,-3.872461253727052,0.2650027195261981,21925,82735,145,125,71,RIPK3,RIPK3,STK,ST,FALSE,TKL,MYC_51_63_L5_0b0_O0xO,KKFELLPT*PPLSP
8,T8,FELLPTPPLSP_,FELLP,T,PPLSP,-3.8646737770878072,0.2218045567172297,18351,82735,144,134,103,DCAMKL2,DCLK2,STK,ST,FALSE,CAMK,MYC_51_63_L5_0b0_O0xO,KKFELLPT*PPLSP
8,T8,FELLPTPPLSP_,FELLP,T,PPLSP,-3.8591080407612606,0.3485223907656977,28835,82735,143,105,291,CAMKK1,CAMKK1,STK,ST,FALSE,Other,MYC_51_63_L5_0b0_O0xO,KKFELLPT*PPLSP
8,T8,FELLPTPPLSP_,FELLP,T,PPLSP,-3.8435568271141225,0.11986462802925002,9917,82735,142,182,244,NUAK2,NUAK2,STK,ST,FALSE,CAMK,MYC_51_63_L5_0b0_O0xO,KKFELLPT*PPLSP
8,T8,FELLPTPPLSP_,FELLP,T,PPLSP,-3.8170971603932538,0.09043331117423098,7482,82735,141,199,309,MLK2,MAP3K10,STK,ST,FALSE,TKL,MYC_51_63_L5_0b0_O0xO,KKFELLPT*PPLSP
8,T8,FELLPTPPLSP_,FELLP,T,PPLSP,-3.8139446574145572,0.29675469873693117,24552,82735,140,120,104,CHAK1,TRPM7,STK,ST,FALSE,Alpha,MYC_51_63_L5_0b0_O0xO,KKFELLPT*PPLSP
8,T8,FELLPTPPLSP_,FELLP,T,PPLSP,-3.7730613191859046,0.17275639088656555,14293,82735,139,152,252,MEKK2,MAP3K2,STK,ST,FALSE,STE,MYC_51_63_L5_0b0_O0xO,KKFELLPT*PPLSP
8,T8,FELLPTPPLSP_,FELLP,T,PPLSP,-3.7620395017926405,0.39080195805886264,32333,82735,138,99,319,HGK,MAP4K4,STK,ST,FALSE,STE,MYC_51_63_L5_0b0_O0xO,KKFELLPT*PPLSP
8,T8,FELLPTPPLSP_,FELLP,T,PPLSP,-3.751693623787966,0.6234483592191938,51581,82735,137,64,180,MYO3B,MYO3B,STK,ST,FALSE,STE,MYC_51_63_L5_0b0_O0xO,KKFELLPT*PPLSP
8,T8,FELLPTPPLSP_,FELLP,T,PPLSP,-3.7516406376758815,0.11465522451199613,9486,82735,136,187,64,CK1A,CSNK1A1,STK,ST,FALSE,CK1,MYC_51_63_L5_0b0_O0xO,KKFELLPT*PPLSP
8,T8,FELLPTPPLSP_,FELLP,T,PPLSP,-3.7344372025872024,0.14581495135069802,12064,82735,135,164,140,NEK9,NEK9,STK,ST,FALSE,Other,MYC_51_63_L5_0b0_O0xO,KKFELLPT*PPLSP
8,T8,FELLPTPPLSP_,FELLP,T,PPLSP,-3.727011306259127,0.08096936000483472,6699,82735,134,205,322,GRK1,GRK1,STK,ST,FALSE,AGC,MYC_51_63_L5_0b0_O0xO,KKFELLPT*PPLSP
8,T8,FELLPTPPLSP_,FELLP,T,PPLSP,-3.6763847590100007,0.19375113313591588,16030,82735,133,141,86,TAO3,TAOK3,STK,ST,FALSE,STE,MYC_51_63_L5_0b0_O0xO,KKFELLPT*PPLSP
8,T8,FELLPTPPLSP_,FELLP,T,PPLSP,-3.6652028130179213,0.14579077778449265,12062,82735,132,165,203,IKKB,IKBKB,STK,ST,FALSE,Other,MYC_51_63_L5_0b0_O0xO,KKFELLPT*PPLSP
8,T8,FELLPTPPLSP_,FELLP,T,PPLSP,-3.6502251720567807,0.2383634495678975,19721,82735,131,130,289,PERK,EIF2AK3,STK,ST,FALSE,Other,MYC_51_63_L5_0b0_O0xO,KKFELLPT*PPLSP
8,T8,FELLPTPPLSP_,FELLP,T,PPLSP,-3.644874758652516,0.2797727684776697,23147,82735,130,123,87,TAO2,TAOK2,STK,ST,FALSE,STE,MYC_51_63_L5_0b0_O0xO,KKFELLPT*PPLSP
8,T8,FELLPTPPLSP_,FELLP,T,PPLSP,-3.6311674488105132,0.6653048891037651,55044,82735,129,57,192,TTK,TTK,STK,ST,FALSE,Other,MYC_51_63_L5_0b0_O0xO,KKFELLPT*PPLSP
8,T8,FELLPTPPLSP_,FELLP,T,PPLSP,-3.6216287856220672,0.30010273765637274,24829,82735,128,117,272,MST3,STK24,STK,ST,FALSE,STE,MYC_51_63_L5_0b0_O0xO,KKFELLPT*PPLSP
8,T8,FELLPTPPLSP_,FELLP,T,PPLSP,-3.616494630905971,0.12025140508853568,9949,82735,127,181,160,skMLCK,MYLK2,STK,ST,FALSE,CAMK,MYC_51_63_L5_0b0_O0xO,KKFELLPT*PPLSP
8,T8,FELLPTPPLSP_,FELLP,T,PPLSP,-3.600131712934274,0.09160572913519067,7579,82735,126,197,374,LATS1,LATS1,STK,ST,FALSE,AGC,MYC_51_63_L5_0b0_O0xO,KKFELLPT*PPLSP
8,T8,FELLPTPPLSP_,FELLP,T,PPLSP,-3.585145102487923,0.4025261376684595,33303,82735,125,95,248,MEKK6,MAP3K6,STK,ST,FALSE,STE,MYC_51_63_L5_0b0_O0xO,KKFELLPT*PPLSP
8,T8,FELLPTPPLSP_,FELLP,T,PPLSP,-3.547200130721514,0.5077174110110594,42006,82735,124,79,45,CHK2,CHEK2,STK,ST,FALSE,CAMK,MYC_51_63_L5_0b0_O0xO,KKFELLPT*PPLSP
8,T8,FELLPTPPLSP_,FELLP,T,PPLSP,-3.524415360803216,0.48685562337583854,40280,82735,123,84,48,KHS1,MAP4K5,STK,ST,FALSE,STE,MYC_51_63_L5_0b0_O0xO,KKFELLPT*PPLSP
8,T8,FELLPTPPLSP_,FELLP,T,PPLSP,-3.504147321910716,0.1783525714631051,14756,82735,122,150,298,P90RSK,RPS6KA1,STK,ST,FALSE,AGC,MYC_51_63_L5_0b0_O0xO,KKFELLPT*PPLSP
8,T8,FELLPTPPLSP_,FELLP,T,PPLSP,-3.4207794881821845,0.004399589049374509,364,82735,121,299,325,GRK5,GRK5,STK,ST,FALSE,AGC,MYC_51_63_L5_0b0_O0xO,KKFELLPT*PPLSP
8,T8,FELLPTPPLSP_,FELLP,T,PPLSP,-3.384301802546523,0.1105336314739832,9145,82735,120,190,270,ANKRD3,RIPK4,STK,ST,FALSE,TKL,MYC_51_63_L5_0b0_O0xO,KKFELLPT*PPLSP
8,T8,FELLPTPPLSP_,FELLP,T,PPLSP,-3.275440547279102,0.007481718740557201,619,82735,119,291,389,CAMK2G,CAMK2G,STK,ST,FALSE,CAMK,MYC_51_63_L5_0b0_O0xO,KKFELLPT*PPLSP
8,T8,FELLPTPPLSP_,FELLP,T,PPLSP,-3.1685834419944503,0.6324409258475857,52325,82735,118,63,96,MEK2,MAP2K2,STK,ST,TRUE,STE,MYC_51_63_L5_0b0_O0xO,KKFELLPT*PPLSP
8,T8,FELLPTPPLSP_,FELLP,T,PPLSP,-3.1183413575245518,0.13921556777663624,11518,82735,117,168,347,BMPR1B,BMPR1B,STK,ST,FALSE,TKL,MYC_51_63_L5_0b0_O0xO,KKFELLPT*PPLSP
8,T8,FELLPTPPLSP_,FELLP,T,PPLSP,-3.093271330790611,0.1590862391974376,13162,82735,116,157,182,PKR,EIF2AK2,STK,ST,FALSE,Other,MYC_51_63_L5_0b0_O0xO,KKFELLPT*PPLSP
8,T8,FELLPTPPLSP_,FELLP,T,PPLSP,-3.0612926800687688,0.2063093007795975,17069,82735,115,136,392,ACVR2A,ACVR2A,STK,ST,FALSE,TKL,MYC_51_63_L5_0b0_O0xO,KKFELLPT*PPLSP
8,T8,FELLPTPPLSP_,FELLP,T,PPLSP,-3.0537442053812955,0.49634374811144016,41065,82735,114,82,302,GCK,MAP4K2,STK,ST,FALSE,STE,MYC_51_63_L5_0b0_O0xO,KKFELLPT*PPLSP
8,T8,FELLPTPPLSP_,FELLP,T,PPLSP,-3.0423479155664386,0.13174593581918173,10900,82735,113,171,330,GRK6,GRK6,STK,ST,FALSE,AGC,MYC_51_63_L5_0b0_O0xO,KKFELLPT*PPLSP
8,T8,FELLPTPPLSP_,FELLP,T,PPLSP,-2.9991169675053193,0.12324892729799963,10197,82735,112,178,323,GRK3,GRK3,STK,ST,FALSE,AGC,MYC_51_63_L5_0b0_O0xO,KKFELLPT*PPLSP
8,T8,FELLPTPPLSP_,FELLP,T,PPLSP,-2.943529521305109,0.11553755967849157,9559,82735,111,185,372,TGFBR1,TGFBR1,STK,ST,FALSE,TKL,MYC_51_63_L5_0b0_O0xO,KKFELLPT*PPLSP
8,T8,FELLPTPPLSP_,FELLP,T,PPLSP,-2.935478107194932,0.4496041578533873,37198,82735,110,89,175,smMLCK,MYLK,STK,ST,FALSE,CAMK,MYC_51_63_L5_0b0_O0xO,KKFELLPT*PPLSP
8,T8,FELLPTPPLSP_,FELLP,T,PPLSP,-2.8954349532296866,0.340122076509337,28140,82735,109,107,40,BRAF,BRAF,STK,ST,TRUE,TKL,MYC_51_63_L5_0b0_O0xO,KKFELLPT*PPLSP
8,T8,FELLPTPPLSP_,FELLP,T,PPLSP,-2.893095817734729,0.3216776454946516,26614,82735,108,112,342,CLK2,CLK2,STK,ST,FALSE,CMGC,MYC_51_63_L5_0b0_O0xO,KKFELLPT*PPLSP
8,T8,FELLPTPPLSP_,FELLP,T,PPLSP,-2.8706608130455185,0.5134828065510364,42483,82735,107,78,139,NEK8,NEK8,STK,ST,FALSE,Other,MYC_51_63_L5_0b0_O0xO,KKFELLPT*PPLSP
8,T8,FELLPTPPLSP_,FELLP,T,PPLSP,-2.867847815613235,0.5731431679458512,47419,82735,106,72,388,BUB1,BUB1,STK,ST,FALSE,Other,MYC_51_63_L5_0b0_O0xO,KKFELLPT*PPLSP
8,T8,FELLPTPPLSP_,FELLP,T,PPLSP,-2.790972947646222,0.32619810237505287,26988,82735,105,109,278,ALK2,ACVR1,STK,ST,FALSE,TKL,MYC_51_63_L5_0b0_O0xO,KKFELLPT*PPLSP
8,T8,FELLPTPPLSP_,FELLP,T,PPLSP,-2.767986592833325,0.07113071855925546,5885,82735,104,215,80,DLK,MAP3K12,STK,ST,FALSE,TKL,MYC_51_63_L5_0b0_O0xO,KKFELLPT*PPLSP
8,T8,FELLPTPPLSP_,FELLP,T,PPLSP,-2.735132186767553,0.1308031667371729,10822,82735,103,172,371,MASTL,MASTL,STK,ST,FALSE,AGC,MYC_51_63_L5_0b0_O0xO,KKFELLPT*PPLSP
8,T8,FELLPTPPLSP_,FELLP,T,PPLSP,-2.655264228198485,0.3246026470054995,26856,82735,102,110,247,SRPK3,SRPK3,STK,ST,FALSE,CMGC,MYC_51_63_L5_0b0_O0xO,KKFELLPT*PPLSP
8,T8,FELLPTPPLSP_,FELLP,T,PPLSP,-2.6214554757026494,0.3045748474043633,25199,82735,101,116,254,SRPK1,SRPK1,STK,ST,FALSE,CMGC,MYC_51_63_L5_0b0_O0xO,KKFELLPT*PPLSP
8,T8,FELLPTPPLSP_,FELLP,T,PPLSP,-2.5466633352168677,0.638532664531335,52829,82735,100,61,150,MAP3K15,MAP3K15,STK,ST,FALSE,STE,MYC_51_63_L5_0b0_O0xO,KKFELLPT*PPLSP
8,T8,FELLPTPPLSP_,FELLP,T,PPLSP,-2.528707894186627,0.35543603070042906,29407,82735,99,104,391,ACVR2B,ACVR2B,STK,ST,FALSE,TKL,MYC_51_63_L5_0b0_O0xO,KKFELLPT*PPLSP
8,T8,FELLPTPPLSP_,FELLP,T,PPLSP,-2.501509113020676,0.40956064543421766,33885,82735,98,94,311,YANK2,STK32B,STK,ST,FALSE,AGC,MYC_51_63_L5_0b0_O0xO,KKFELLPT*PPLSP
8,T8,FELLPTPPLSP_,FELLP,T,PPLSP,-2.5011291660660304,0.4584758566507524,37932,82735,97,86,249,MEKK1,MAP3K1,STK,ST,FALSE,STE,MYC_51_63_L5_0b0_O0xO,KKFELLPT*PPLSP
8,T8,FELLPTPPLSP_,FELLP,T,PPLSP,-2.475071026086119,0.6040611591224996,49977,82735,96,67,292,CAMKK2,CAMKK2,STK,ST,FALSE,Other,MYC_51_63_L5_0b0_O0xO,KKFELLPT*PPLSP
8,T8,FELLPTPPLSP_,FELLP,T,PPLSP,-2.462319123725326,0.12885719465764187,10661,82735,95,174,329,GRK7,GRK7,STK,ST,FALSE,AGC,MYC_51_63_L5_0b0_O0xO,KKFELLPT*PPLSP
8,T8,FELLPTPPLSP_,FELLP,T,PPLSP,-2.4406193522936284,0.32202816220462926,26643,82735,94,111,260,ATM,ATM,STK,ST,FALSE,PIKK,MYC_51_63_L5_0b0_O0xO,KKFELLPT*PPLSP
8,T8,FELLPTPPLSP_,FELLP,T,PPLSP,-2.2721671553704965,0.584722306158216,48377,82735,93,69,37,PLK2,PLK2,STK,ST,FALSE,Other,MYC_51_63_L5_0b0_O0xO,KKFELLPT*PPLSP
8,T8,FELLPTPPLSP_,FELLP,T,PPLSP,-2.2531958958429565,0.5312745512781774,43955,82735,92,77,142,NEK5,NEK5,STK,ST,FALSE,Other,MYC_51_63_L5_0b0_O0xO,KKFELLPT*PPLSP
8,T8,FELLPTPPLSP_,FELLP,T,PPLSP,-2.2510818896128515,0.21912129086843538,18129,82735,91,135,320,RAF1,RAF1,STK,ST,TRUE,TKL,MYC_51_63_L5_0b0_O0xO,KKFELLPT*PPLSP
8,T8,FELLPTPPLSP_,FELLP,T,PPLSP,-2.2072609248407846,0.6680244153018674,55269,82735,90,56,141,NEK4,NEK4,STK,ST,FALSE,Other,MYC_51_63_L5_0b0_O0xO,KKFELLPT*PPLSP
8,T8,FELLPTPPLSP_,FELLP,T,PPLSP,-2.201890326131608,0.3209282649422856,26552,82735,89,114,113,CDKL5,CDKL5,STK,ST,FALSE,CMGC,MYC_51_63_L5_0b0_O0xO,KKFELLPT*PPLSP
8,T8,FELLPTPPLSP_,FELLP,T,PPLSP,-2.150456049255014,0.1575028706109869,13031,82735,88,158,174,PDHK1,PDK1,STK,STY,FALSE,PDHK,MYC_51_63_L5_0b0_O0xO,KKFELLPT*PPLSP
8,T8,FELLPTPPLSP_,FELLP,T,PPLSP,-2.149080963381602,0.6614129449447029,54722,82735,87,58,307,NEK11,NEK11,STK,ST,FALSE,Other,MYC_51_63_L5_0b0_O0xO,KKFELLPT*PPLSP
8,T8,FELLPTPPLSP_,FELLP,T,PPLSP,-2.1389390116396076,0.8593944521665559,71102,82735,86,16,89,ASK1,MAP3K5,STK,ST,FALSE,STE,MYC_51_63_L5_0b0_O0xO,KKFELLPT*PPLSP
8,T8,FELLPTPPLSP_,FELLP,T,PPLSP,-2.1331037939007174,0.7237444854052094,59879,82735,85,48,107,NEK1,NEK1,STK,ST,FALSE,Other,MYC_51_63_L5_0b0_O0xO,KKFELLPT*PPLSP
8,T8,FELLPTPPLSP_,FELLP,T,PPLSP,-2.1235704248527583,0.6987127575995649,57808,82735,84,54,67,PBK,PBK,STK,ST,FALSE,Other,MYC_51_63_L5_0b0_O0xO,KKFELLPT*PPLSP
8,T8,FELLPTPPLSP_,FELLP,T,PPLSP,-2.115537184325024,0.23328700066477306,19301,82735,83,132,340,CLK3,CLK3,STK,ST,FALSE,CMGC,MYC_51_63_L5_0b0_O0xO,KKFELLPT*PPLSP
8,T8,FELLPTPPLSP_,FELLP,T,PPLSP,-2.0579346993525673,0.058645071614189886,4852,82735,82,230,365,CAMK1B,PNCK,STK,ST,FALSE,CAMK,MYC_51_63_L5_0b0_O0xO,KKFELLPT*PPLSP
8,T8,FELLPTPPLSP_,FELLP,T,PPLSP,-2.0486927559841766,0.446993412703209,36982,82735,81,90,102,CHAK2,TRPM6,STK,ST,FALSE,Alpha,MYC_51_63_L5_0b0_O0xO,KKFELLPT*PPLSP
8,T8,FELLPTPPLSP_,FELLP,T,PPLSP,-2.0206422142599663,0.8411796700308213,69595,82735,80,20,395,BIKE,BMP2K,STK,ST,FALSE,Other,MYC_51_63_L5_0b0_O0xO,KKFELLPT*PPLSP
8,T8,FELLPTPPLSP_,FELLP,T,PPLSP,-1.9897072109718474,0.2656312322475373,21977,82735,79,124,312,YANK3,STK32C,STK,ST,FALSE,AGC,MYC_51_63_L5_0b0_O0xO,KKFELLPT*PPLSP
8,T8,FELLPTPPLSP_,FELLP,T,PPLSP,-1.9801728363461182,0.11218952075904998,9282,82735,78,189,135,CK1A2,CSNK1A1L,STK,ST,FALSE,CK1,MYC_51_63_L5_0b0_O0xO,KKFELLPT*PPLSP
8,T8,FELLPTPPLSP_,FELLP,T,PPLSP,-1.9745609320608266,0.5840696198706714,48323,82735,77,71,83,MEK5,MAP2K5,STK,ST,TRUE,STE,MYC_51_63_L5_0b0_O0xO,KKFELLPT*PPLSP
8,T8,FELLPTPPLSP_,FELLP,T,PPLSP,-1.9593769678121418,0.09587236357043573,7932,82735,76,194,173,PDHK4,PDK4,STK,STY,FALSE,PDHK,MYC_51_63_L5_0b0_O0xO,KKFELLPT*PPLSP
8,T8,FELLPTPPLSP_,FELLP,T,PPLSP,-1.9571895416926266,0.6367921677645495,52685,82735,75,62,218,PDK1,PDPK1,STK,ST,FALSE,AGC,MYC_51_63_L5_0b0_O0xO,KKFELLPT*PPLSP
8,T8,FELLPTPPLSP_,FELLP,T,PPLSP,-1.8610146056013195,0.7605124796035535,62921,82735,74,40,168,LRRK2,LRRK2,STK,ST,FALSE,TKL,MYC_51_63_L5_0b0_O0xO,KKFELLPT*PPLSP
8,T8,FELLPTPPLSP_,FELLP,T,PPLSP,-1.8473078077904932,0.49957091919985497,41332,82735,73,81,47,CHK1,CHEK1,STK,ST,FALSE,CAMK,MYC_51_63_L5_0b0_O0xO,KKFELLPT*PPLSP
8,T8,FELLPTPPLSP_,FELLP,T,PPLSP,-1.8429354721670481,0.12652444551882516,10468,82735,72,176,208,NIK,MAP3K14,STK,ST,FALSE,STE,MYC_51_63_L5_0b0_O0xO,KKFELLPT*PPLSP
8,T8,FELLPTPPLSP_,FELLP,T,PPLSP,-1.8317217545968398,0.3277210370459902,27114,82735,71,108,41,CDC7,CDC7,STK,ST,FALSE,Other,MYC_51_63_L5_0b0_O0xO,KKFELLPT*PPLSP
8,T8,FELLPTPPLSP_,FELLP,T,PPLSP,-1.8110310675533745,0.608497008521182,50344,82735,70,66,60,SMG1,SMG1,STK,ST,FALSE,PIKK,MYC_51_63_L5_0b0_O0xO,KKFELLPT*PPLSP
8,T8,FELLPTPPLSP_,FELLP,T,PPLSP,-1.7835063567652873,0.15692270502205838,12983,82735,69,159,177,caMLCK,MYLK3,STK,ST,FALSE,CAMK,MYC_51_63_L5_0b0_O0xO,KKFELLPT*PPLSP
8,T8,FELLPTPPLSP_,FELLP,T,PPLSP,-1.7398310636671006,0.5021695775669306,41547,82735,68,80,293,DNAPK,PRKDC,STK,ST,FALSE,PIKK,MYC_51_63_L5_0b0_O0xO,KKFELLPT*PPLSP
8,T8,FELLPTPPLSP_,FELLP,T,PPLSP,-1.7322258846275205,0.806551036441651,66730,82735,67,28,368,AlphaK3,ALPK1,STK,ST,FALSE,Alpha,MYC_51_63_L5_0b0_O0xO,KKFELLPT*PPLSP
8,T8,FELLPTPPLSP_,FELLP,T,PPLSP,-1.5436926793506613,0.29831389375717654,24681,82735,66,118,206,MTOR,MTOR,STK,ST,FALSE,PIKK,MYC_51_63_L5_0b0_O0xO,KKFELLPT*PPLSP
8,T8,FELLPTPPLSP_,FELLP,T,PPLSP,-1.4902686357135844,0.12079531032815616,9994,82735,65,180,303,MOS,MOS,STK,ST,FALSE,Other,MYC_51_63_L5_0b0_O0xO,KKFELLPT*PPLSP
8,T8,FELLPTPPLSP_,FELLP,T,PPLSP,-1.4030043357201354,0.5370036864688463,44429,82735,64,76,344,CLK1,CLK1,STK,ST,FALSE,CMGC,MYC_51_63_L5_0b0_O0xO,KKFELLPT*PPLSP
8,T8,FELLPTPPLSP_,FELLP,T,PPLSP,-1.2735444601090833,0.036828428113857496,3047,82735,63,246,166,BMPR2,BMPR2,STK,ST,FALSE,TKL,MYC_51_63_L5_0b0_O0xO,KKFELLPT*PPLSP
8,T8,FELLPTPPLSP_,FELLP,T,PPLSP,-1.1997135933010679,0.49513506980117244,40965,82735,62,83,276,ALK4,ACVR1B,STK,ST,FALSE,TKL,MYC_51_63_L5_0b0_O0xO,KKFELLPT*PPLSP
8,T8,FELLPTPPLSP_,FELLP,T,PPLSP,-1.1407712986973284,0.030748776213210854,2544,82735,61,252,332,PRPK,TP53RK,STK,ST,FALSE,Other,MYC_51_63_L5_0b0_O0xO,KKFELLPT*PPLSP
8,T8,FELLPTPPLSP_,FELLP,T,PPLSP,-1.1161071799945912,0.45697709554602045,37808,82735,60,87,16,DAPK2,DAPK2,STK,ST,FALSE,CAMK,MYC_51_63_L5_0b0_O0xO,KKFELLPT*PPLSP
8,T8,FELLPTPPLSP_,FELLP,T,PPLSP,-1.1003299495934697,0.6099957696259141,50468,82735,59,65,19,PASK,PASK,STK,ST,FALSE,CAMK,MYC_51_63_L5_0b0_O0xO,KKFELLPT*PPLSP
8,T8,FELLPTPPLSP_,FELLP,T,PPLSP,-1.0361169790946785,0.37715597993594,31204,82735,58,101,324,GRK2,GRK2,STK,ST,FALSE,AGC,MYC_51_63_L5_0b0_O0xO,KKFELLPT*PPLSP
8,T8,FELLPTPPLSP_,FELLP,T,PPLSP,-1.0214260118943825,0.5497189822928628,45481,82735,57,74,339,CLK4,CLK4,STK,ST,FALSE,CMGC,MYC_51_63_L5_0b0_O0xO,KKFELLPT*PPLSP
8,T8,FELLPTPPLSP_,FELLP,T,PPLSP,-0.9053652675086862,0.4551882516468242,37660,82735,56,88,130,CDKL1,CDKL1,STK,ST,FALSE,CMGC,MYC_51_63_L5_0b0_O0xO,KKFELLPT*PPLSP
8,T8,FELLPTPPLSP_,FELLP,T,PPLSP,-0.7998610771935891,0.18258294554904211,15106,82735,55,147,62,CK1D,CSNK1D,STK,ST,FALSE,CK1,MYC_51_63_L5_0b0_O0xO,KKFELLPT*PPLSP
8,T8,FELLPTPPLSP_,FELLP,T,PPLSP,-0.6414724591901338,0.9254608086057896,76568,82735,54,6,158,AAK1,AAK1,STK,ST,FALSE,Other,MYC_51_63_L5_0b0_O0xO,KKFELLPT*PPLSP
8,T8,FELLPTPPLSP_,FELLP,T,PPLSP,-0.6148679777623332,0.812920771136762,67257,82735,53,26,118,VRK2,VRK2,STK,ST,FALSE,CK1,MYC_51_63_L5_0b0_O0xO,KKFELLPT*PPLSP
8,T8,FELLPTPPLSP_,FELLP,T,PPLSP,-0.6113258166667236,0.7678612437299812,63529,82735,52,37,21,MPSK1,STK16,STK,ST,FALSE,Other,MYC_51_63_L5_0b0_O0xO,KKFELLPT*PPLSP
8,T8,FELLPTPPLSP_,FELLP,T,PPLSP,-0.6015190120019485,0.6414697528252855,53072,82735,51,60,281,KIS,UHMK1,STK,ST,FALSE,Other,MYC_51_63_L5_0b0_O0xO,KKFELLPT*PPLSP
8,T8,FELLPTPPLSP_,FELLP,T,PPLSP,-0.5989968278372059,0.8869764912068653,73384,82735,50,13,94,MEK1,MAP2K1,STK,ST,TRUE,STE,MYC_51_63_L5_0b0_O0xO,KKFELLPT*PPLSP
8,T8,FELLPTPPLSP_,FELLP,T,PPLSP,-0.5413323027872222,0.656541971354324,54319,82735,49,59,156,CDK2,CDK2,STK,ST,FALSE,CMGC,MYC_51_63_L5_0b0_O0xO,KKFELLPT*PPLSP
8,T8,FELLPTPPLSP_,FELLP,T,PPLSP,-0.48242875016664266,0.7697951290264097,63689,82735,48,36,390,SBK,SBK1,STK,ST,FALSE,Other,MYC_51_63_L5_0b0_O0xO,KKFELLPT*PPLSP
8,T8,FELLPTPPLSP_,FELLP,T,PPLSP,-0.4685179702812746,0.9055538768356802,74921,82735,47,8,279,GAK,GAK,STK,ST,FALSE,Other,MYC_51_63_L5_0b0_O0xO,KKFELLPT*PPLSP
8,T8,FELLPTPPLSP_,FELLP,T,PPLSP,-0.46395766760579,0.889007070768115,73552,82735,46,12,194,LKB1,STK11,STK,ST,FALSE,CAMK,MYC_51_63_L5_0b0_O0xO,KKFELLPT*PPLSP
8,T8,FELLPTPPLSP_,FELLP,T,PPLSP,-0.23153906594989437,0.3427328216595153,28356,82735,45,106,354,GSK3B,GSK3B,STK,ST,FALSE,CMGC,MYC_51_63_L5_0b0_O0xO,KKFELLPT*PPLSP
8,T8,FELLPTPPLSP_,FELLP,T,PPLSP,0.1004719652578292,0.8158699462138151,67501,82735,44,25,261,ATR,ATR,STK,ST,FALSE,PIKK,MYC_51_63_L5_0b0_O0xO,KKFELLPT*PPLSP
8,T8,FELLPTPPLSP_,FELLP,T,PPLSP,0.11382907285994268,0.712636731733849,58960,82735,43,51,321,PRP4,PRPF4B,STK,ST,FALSE,CMGC,MYC_51_63_L5_0b0_O0xO,KKFELLPT*PPLSP
8,T8,FELLPTPPLSP_,FELLP,T,PPLSP,0.15359316372786364,0.5863056747446667,48508,82735,42,68,255,ICK,CILK1,STK,ST,FALSE,CMGC,MYC_51_63_L5_0b0_O0xO,KKFELLPT*PPLSP
8,T8,FELLPTPPLSP_,FELLP,T,PPLSP,0.17532599035209331,0.47421284825043813,39234,82735,41,85,356,GSK3A,GSK3A,STK,ST,FALSE,CMGC,MYC_51_63_L5_0b0_O0xO,KKFELLPT*PPLSP
8,T8,FELLPTPPLSP_,FELLP,T,PPLSP,0.1820128642216016,0.6994983985012388,57873,82735,40,53,147,CDK9,CDK9,STK,ST,FALSE,CMGC,MYC_51_63_L5_0b0_O0xO,KKFELLPT*PPLSP
8,T8,FELLPTPPLSP_,FELLP,T,PPLSP,0.1972152450185424,0.8237867891460687,68156,82735,39,23,269,ERK7,MAPK15,STK,ST,FALSE,CMGC,MYC_51_63_L5_0b0_O0xO,KKFELLPT*PPLSP
8,T8,FELLPTPPLSP_,FELLP,T,PPLSP,0.40382816501859187,0.699607179549163,57882,82735,38,52,355,DYRK3,DYRK3,STK,ST,FALSE,CMGC,MYC_51_63_L5_0b0_O0xO,KKFELLPT*PPLSP
8,T8,FELLPTPPLSP_,FELLP,T,PPLSP,0.5054365913109109,0.6878709131564634,56911,82735,37,55,152,CDK5,CDK5,STK,ST,FALSE,CMGC,MYC_51_63_L5_0b0_O0xO,KKFELLPT*PPLSP
8,T8,FELLPTPPLSP_,FELLP,T,PPLSP,0.628937725955306,0.7528857194657642,62290,82735,36,41,49,CDK10,CDK10,STK,ST,FALSE,CMGC,MYC_51_63_L5_0b0_O0xO,KKFELLPT*PPLSP
8,T8,FELLPTPPLSP_,FELLP,T,PPLSP,0.7064599974456888,0.728627545778691,60283,82735,35,47,153,CDK4,CDK4,STK,ST,FALSE,CMGC,MYC_51_63_L5_0b0_O0xO,KKFELLPT*PPLSP
8,T8,FELLPTPPLSP_,FELLP,T,PPLSP,0.7461831681773835,0.7480751797908987,61892,82735,34,44,123,MAK,MAK,STK,ST,FALSE,CMGC,MYC_51_63_L5_0b0_O0xO,KKFELLPT*PPLSP
8,T8,FELLPTPPLSP_,FELLP,T,PPLSP,0.7622081867025771,0.7153441711488487,59184,82735,33,50,50,CDK12,CDK12,STK,ST,FALSE,CMGC,MYC_51_63_L5_0b0_O0xO,KKFELLPT*PPLSP
8,T8,FELLPTPPLSP_,FELLP,T,PPLSP,1.1363521904176355,0.7174714449749199,59360,82735,32,49,92,HIPK2,HIPK2,STK,ST,FALSE,CMGC,MYC_51_63_L5_0b0_O0xO,KKFELLPT*PPLSP
8,T8,FELLPTPPLSP_,FELLP,T,PPLSP,1.1625182844814126,0.7396265184021272,61193,82735,31,46,154,CDK3,CDK3,STK,ST,FALSE,CMGC,MYC_51_63_L5_0b0_O0xO,KKFELLPT*PPLSP
8,T8,FELLPTPPLSP_,FELLP,T,PPLSP,1.391366452297344,0.7443403638121714,61583,82735,30,45,51,CDK13,CDK13,STK,ST,FALSE,CMGC,MYC_51_63_L5_0b0_O0xO,KKFELLPT*PPLSP
8,T8,FELLPTPPLSP_,FELLP,T,PPLSP,1.4107162428592215,0.750009065087327,62052,82735,29,43,148,CDK8,CDK8,STK,ST,FALSE,CMGC,MYC_51_63_L5_0b0_O0xO,KKFELLPT*PPLSP
8,T8,FELLPTPPLSP_,FELLP,T,PPLSP,1.498415038235787,0.7784976128603373,64409,82735,28,33,88,HIPK4,HIPK4,STK,ST,FALSE,CMGC,MYC_51_63_L5_0b0_O0xO,KKFELLPT*PPLSP
8,T8,FELLPTPPLSP_,FELLP,T,PPLSP,1.5053703078416112,0.8241131322898411,68183,82735,27,22,301,MOK,MOK,STK,ST,FALSE,CMGC,MYC_51_63_L5_0b0_O0xO,KKFELLPT*PPLSP
8,T8,FELLPTPPLSP_,FELLP,T,PPLSP,1.5367282707166376,0.7630748776213211,63133,82735,26,39,149,CDK7,CDK7,STK,ST,FALSE,CMGC,MYC_51_63_L5_0b0_O0xO,KKFELLPT*PPLSP
8,T8,FELLPTPPLSP_,FELLP,T,PPLSP,1.6678351252807728,0.7806248866864084,64585,82735,25,32,35,CDK19,CDK19,STK,ST,FALSE,CMGC,MYC_51_63_L5_0b0_O0xO,KKFELLPT*PPLSP
8,T8,FELLPTPPLSP_,FELLP,T,PPLSP,1.7822416068922113,0.7884329485707379,65231,82735,24,31,151,CDK6,CDK6,STK,ST,FALSE,CMGC,MYC_51_63_L5_0b0_O0xO,KKFELLPT*PPLSP
8,T8,FELLPTPPLSP_,FELLP,T,PPLSP,1.8652961170246862,0.9689732277754276,80168,82735,23,2,209,PINK1,PINK1,STK,ST,FALSE,Other,MYC_51_63_L5_0b0_O0xO,KKFELLPT*PPLSP
8,T8,FELLPTPPLSP_,FELLP,T,PPLSP,1.8797690723616294,0.7777240587417659,64345,82735,22,34,116,DYRK1B,DYRK1B,STK,ST,FALSE,CMGC,MYC_51_63_L5_0b0_O0xO,KKFELLPT*PPLSP
8,T8,FELLPTPPLSP_,FELLP,T,PPLSP,1.9167328164272095,0.7642472955822808,63230,82735,21,38,159,CDK1,CDK1,STK,ST,FALSE,CMGC,MYC_51_63_L5_0b0_O0xO,KKFELLPT*PPLSP
8,T8,FELLPTPPLSP_,FELLP,T,PPLSP,1.9666865388532777,0.821756209584819,67988,82735,20,24,115,DYRK1A,DYRK1A,STK,ST,FALSE,CMGC,MYC_51_63_L5_0b0_O0xO,KKFELLPT*PPLSP
8,T8,FELLPTPPLSP_,FELLP,T,PPLSP,1.9761739660861044,0.7755726113494893,64167,82735,19,35,357,DYRK2,DYRK2,STK,ST,FALSE,CMGC,MYC_51_63_L5_0b0_O0xO,KKFELLPT*PPLSP
8,T8,FELLPTPPLSP_,FELLP,T,PPLSP,2.0168458106943206,0.794947724663081,65770,82735,18,30,91,HIPK3,HIPK3,STK,ST,FALSE,CMGC,MYC_51_63_L5_0b0_O0xO,KKFELLPT*PPLSP
8,T8,FELLPTPPLSP_,FELLP,T,PPLSP,2.2147549143718,0.7952861545899559,65798,82735,17,29,353,DYRK4,DYRK4,STK,ST,FALSE,CMGC,MYC_51_63_L5_0b0_O0xO,KKFELLPT*PPLSP
8,T8,FELLPTPPLSP_,FELLP,T,PPLSP,2.2515639017463296,0.8577506496645918,70966,82735,16,17,240,NLK,NLK,STK,ST,FALSE,CMGC,MYC_51_63_L5_0b0_O0xO,KKFELLPT*PPLSP
8,T8,FELLPTPPLSP_,FELLP,T,PPLSP,2.466769693218184,0.8126427751254004,67234,82735,15,27,90,HIPK1,HIPK1,STK,ST,FALSE,CMGC,MYC_51_63_L5_0b0_O0xO,KKFELLPT*PPLSP
8,T8,FELLPTPPLSP_,FELLP,T,PPLSP,2.6481028827367545,0.750794705989001,62117,82735,14,42,10,P38G,MAPK12,STK,ST,FALSE,CMGC,MYC_51_63_L5_0b0_O0xO,KKFELLPT*PPLSP
8,T8,FELLPTPPLSP_,FELLP,T,PPLSP,2.8396155289818816,0.9490058620898048,78516,82735,13,4,268,ERK5,MAPK7,STK,ST,FALSE,CMGC,MYC_51_63_L5_0b0_O0xO,KKFELLPT*PPLSP
8,T8,FELLPTPPLSP_,FELLP,T,PPLSP,2.870921725898384,0.8325376201124071,68880,82735,12,21,33,CDK18,CDK18,STK,ST,FALSE,CMGC,MYC_51_63_L5_0b0_O0xO,KKFELLPT*PPLSP
8,T8,FELLPTPPLSP_,FELLP,T,PPLSP,3.020696829790566,0.8526983743276727,70548,82735,11,19,3,P38A,MAPK14,STK,ST,FALSE,CMGC,MYC_51_63_L5_0b0_O0xO,KKFELLPT*PPLSP
8,T8,FELLPTPPLSP_,FELLP,T,PPLSP,3.218533714822612,0.8926089321327129,73850,82735,10,11,267,ERK2,MAPK1,STK,ST,FALSE,CMGC,MYC_51_63_L5_0b0_O0xO,KKFELLPT*PPLSP
8,T8,FELLPTPPLSP_,FELLP,T,PPLSP,3.228072573903321,0.868604580890796,71864,82735,9,15,55,CDK16,CDK16,STK,ST,FALSE,CMGC,MYC_51_63_L5_0b0_O0xO,KKFELLPT*PPLSP
8,T8,FELLPTPPLSP_,FELLP,T,PPLSP,3.3862576790282555,0.8560464132471143,70825,82735,8,18,30,CDK17,CDK17,STK,ST,FALSE,CMGC,MYC_51_63_L5_0b0_O0xO,KKFELLPT*PPLSP
8,T8,FELLPTPPLSP_,FELLP,T,PPLSP,3.508272390571279,0.9023750528796761,74658,82735,7,9,52,CDK14,CDK14,STK,ST,FALSE,CMGC,MYC_51_63_L5_0b0_O0xO,KKFELLPT*PPLSP
8,T8,FELLPTPPLSP_,FELLP,T,PPLSP,3.534401331385657,0.8709735903789206,72060,82735,6,14,179,JNK3,MAPK10,STK,ST,FALSE,CMGC,MYC_51_63_L5_0b0_O0xO,KKFELLPT*PPLSP
8,T8,FELLPTPPLSP_,FELLP,T,PPLSP,3.814873869481743,0.8974799057230918,74253,82735,5,10,266,ERK1,MAPK3,STK,ST,FALSE,CMGC,MYC_51_63_L5_0b0_O0xO,KKFELLPT*PPLSP
8,T8,FELLPTPPLSP_,FELLP,T,PPLSP,4.3744951952880315,0.9285429382969722,76823,82735,4,5,2,P38B,MAPK11,STK,ST,FALSE,CMGC,MYC_51_63_L5_0b0_O0xO,KKFELLPT*PPLSP
8,T8,FELLPTPPLSP_,FELLP,T,PPLSP,4.400298777456844,0.9147519187768175,75682,82735,3,7,178,JNK2,MAPK9,STK,ST,FALSE,CMGC,MYC_51_63_L5_0b0_O0xO,KKFELLPT*PPLSP
8,T8,FELLPTPPLSP_,FELLP,T,PPLSP,4.8927231334412316,0.9508188795552064,78666,82735,2,3,176,JNK1,MAPK8,STK,ST,FALSE,CMGC,MYC_51_63_L5_0b0_O0xO,KKFELLPT*PPLSP
8,T8,FELLPTPPLSP_,FELLP,T,PPLSP,6.508845106486219,0.9825829455490421,81294,82735,1,1,4,P38D,MAPK13,STK,ST,FALSE,CMGC,MYC_51_63_L5_0b0_O0xO,KKFELLPT*PPLSP
