sitePosition,siteLabel,siteSequence,leftSiteSequence,phosphoAcceptorSite,rightSiteSequence,score,scoreQuantile,scorePosition,scoreDistributionSize,scoreRank,quantileRank,id,name,geneName,type,normExclude,weakCatalyticActivity,motifGroup,peptide_id,sequence
4,S4,__DRTSRDSSPV,DRT,S,RDSSPV,-6.468400943817519,0.3608509095304285,29855,82735,303,249,18,STLK3,STK39,STK,ST,FALSE,STE,RBL2_959_971_S4_0b192_O0xO,DRTS*RDssPVMRS
4,S4,__DRTSRDSSPV,DRT,S,RDSSPV,-6.03296460108934,0.3347918051610564,27699,82735,302,262,158,AAK1,AAK1,STK,ST,FALSE,Other,RBL2_959_971_S4_0b192_O0xO,DRTS*RDssPVMRS
4,S4,__DRTSRDSSPV,DRT,S,RDSSPV,-5.638701310506138,0.1336677343325074,11059,82735,301,300,151,CDK6,CDK6,STK,ST,FALSE,CMGC,RBL2_959_971_S4_0b192_O0xO,DRTS*RDssPVMRS
4,S4,__DRTSRDSSPV,DRT,S,RDSSPV,-5.6215591579093855,0.28837855804677587,23859,82735,300,269,89,ASK1,MAP3K5,STK,ST,FALSE,STE,RBL2_959_971_S4_0b192_O0xO,DRTS*RDssPVMRS
4,S4,__DRTSRDSSPV,DRT,S,RDSSPV,-5.350690943425787,0.10057412219737717,8321,82735,299,302,35,CDK19,CDK19,STK,ST,FALSE,CMGC,RBL2_959_971_S4_0b192_O0xO,DRTS*RDssPVMRS
4,S4,__DRTSRDSSPV,DRT,S,RDSSPV,-5.219222070163207,0.15927962772708043,13178,82735,298,293,154,CDK3,CDK3,STK,ST,FALSE,CMGC,RBL2_959_971_S4_0b192_O0xO,DRTS*RDssPVMRS
4,S4,__DRTSRDSSPV,DRT,S,RDSSPV,-5.191587512372608,0.34403819423460447,28464,82735,297,257,84,TAO1,TAOK1,STK,ST,FALSE,STE,RBL2_959_971_S4_0b192_O0xO,DRTS*RDssPVMRS
4,S4,__DRTSRDSSPV,DRT,S,RDSSPV,-5.1485657595496095,0.25366531697588685,20987,82735,296,277,110,NEK3,NEK3,STK,ST,FALSE,Other,RBL2_959_971_S4_0b192_O0xO,DRTS*RDssPVMRS
4,S4,__DRTSRDSSPV,DRT,S,RDSSPV,-4.934910387717511,0.09409560645434217,7785,82735,295,303,4,P38D,MAPK13,STK,ST,FALSE,CMGC,RBL2_959_971_S4_0b192_O0xO,DRTS*RDssPVMRS
4,S4,__DRTSRDSSPV,DRT,S,RDSSPV,-4.932553428791579,0.20513688281863782,16972,82735,294,286,248,MEKK6,MAP3K6,STK,ST,FALSE,STE,RBL2_959_971_S4_0b192_O0xO,DRTS*RDssPVMRS
4,S4,__DRTSRDSSPV,DRT,S,RDSSPV,-4.920199040752801,0.1848794343385508,15296,82735,293,288,67,PBK,PBK,STK,ST,FALSE,Other,RBL2_959_971_S4_0b192_O0xO,DRTS*RDssPVMRS
4,S4,__DRTSRDSSPV,DRT,S,RDSSPV,-4.895183568700101,0.21606333474345804,17876,82735,292,284,362,EEF2K,EEF2K,STK,ST,FALSE,Alpha,RBL2_959_971_S4_0b192_O0xO,DRTS*RDssPVMRS
4,S4,__DRTSRDSSPV,DRT,S,RDSSPV,-4.857140317668644,0.37194657641868617,30773,82735,291,245,317,OSR1,OXSR1,STK,ST,FALSE,STE,RBL2_959_971_S4_0b192_O0xO,DRTS*RDssPVMRS
4,S4,__DRTSRDSSPV,DRT,S,RDSSPV,-4.807465330736146,0.3944884269051792,32638,82735,290,236,395,BIKE,BMP2K,STK,ST,FALSE,Other,RBL2_959_971_S4_0b192_O0xO,DRTS*RDssPVMRS
4,S4,__DRTSRDSSPV,DRT,S,RDSSPV,-4.592464038482691,0.35413065812533995,29299,82735,289,252,275,MST1,STK4,STK,ST,FALSE,STE,RBL2_959_971_S4_0b192_O0xO,DRTS*RDssPVMRS
4,S4,__DRTSRDSSPV,DRT,S,RDSSPV,-4.581424844241924,0.1416933583126851,11723,82735,288,297,307,NEK11,NEK11,STK,ST,FALSE,Other,RBL2_959_971_S4_0b192_O0xO,DRTS*RDssPVMRS
4,S4,__DRTSRDSSPV,DRT,S,RDSSPV,-4.578803920334158,0.24541004411675832,20304,82735,287,278,55,CDK16,CDK16,STK,ST,FALSE,CMGC,RBL2_959_971_S4_0b192_O0xO,DRTS*RDssPVMRS
4,S4,__DRTSRDSSPV,DRT,S,RDSSPV,-4.571605157610118,0.1675228138031063,13860,82735,286,290,200,IKKA,CHUK,STK,ST,FALSE,Other,RBL2_959_971_S4_0b192_O0xO,DRTS*RDssPVMRS
4,S4,__DRTSRDSSPV,DRT,S,RDSSPV,-4.5613386889737,0.20728833021091436,17150,82735,285,285,153,CDK4,CDK4,STK,ST,FALSE,CMGC,RBL2_959_971_S4_0b192_O0xO,DRTS*RDssPVMRS
4,S4,__DRTSRDSSPV,DRT,S,RDSSPV,-4.546240071280123,0.26523236840514897,21944,82735,284,275,271,MST2,STK3,STK,ST,FALSE,STE,RBL2_959_971_S4_0b192_O0xO,DRTS*RDssPVMRS
4,S4,__DRTSRDSSPV,DRT,S,RDSSPV,-4.539568386595502,0.2719526198102375,22500,82735,283,272,96,MEK2,MAP2K2,STK,ST,TRUE,STE,RBL2_959_971_S4_0b192_O0xO,DRTS*RDssPVMRS
4,S4,__DRTSRDSSPV,DRT,S,RDSSPV,-4.511118692468373,0.14670937330029613,12138,82735,282,294,152,CDK5,CDK5,STK,ST,FALSE,CMGC,RBL2_959_971_S4_0b192_O0xO,DRTS*RDssPVMRS
4,S4,__DRTSRDSSPV,DRT,S,RDSSPV,-4.435843101923093,0.25477730102133317,21079,82735,281,276,150,MAP3K15,MAP3K15,STK,ST,FALSE,STE,RBL2_959_971_S4_0b192_O0xO,DRTS*RDssPVMRS
4,S4,__DRTSRDSSPV,DRT,S,RDSSPV,-4.401616569724163,0.43016861062428235,35590,82735,280,223,191,YSK1,STK25,STK,ST,FALSE,STE,RBL2_959_971_S4_0b192_O0xO,DRTS*RDssPVMRS
4,S4,__DRTSRDSSPV,DRT,S,RDSSPV,-4.352954120760785,0.1673052517072581,13842,82735,279,291,147,CDK9,CDK9,STK,ST,FALSE,CMGC,RBL2_959_971_S4_0b192_O0xO,DRTS*RDssPVMRS
4,S4,__DRTSRDSSPV,DRT,S,RDSSPV,-4.337279834299934,0.4095969057835257,33888,82735,278,231,31,PLK4,PLK4,STK,ST,FALSE,Other,RBL2_959_971_S4_0b192_O0xO,DRTS*RDssPVMRS
4,S4,__DRTSRDSSPV,DRT,S,RDSSPV,-4.2333935837244505,0.3894361515682601,32220,82735,277,240,53,MINK,MINK1,STK,ST,FALSE,STE,RBL2_959_971_S4_0b192_O0xO,DRTS*RDssPVMRS
4,S4,__DRTSRDSSPV,DRT,S,RDSSPV,-4.217530526619701,0.49202876654378436,40708,82735,276,204,72,RIPK2,RIPK2,STK,ST,FALSE,TKL,RBL2_959_971_S4_0b192_O0xO,DRTS*RDssPVMRS
4,S4,__DRTSRDSSPV,DRT,S,RDSSPV,-4.091112180163612,0.4148063093007796,34319,82735,275,228,56,KHS2,MAP4K3,STK,ST,FALSE,STE,RBL2_959_971_S4_0b192_O0xO,DRTS*RDssPVMRS
4,S4,__DRTSRDSSPV,DRT,S,RDSSPV,-4.083060972567768,0.33834531939324347,27993,82735,274,261,49,CDK10,CDK10,STK,ST,FALSE,CMGC,RBL2_959_971_S4_0b192_O0xO,DRTS*RDssPVMRS
4,S4,__DRTSRDSSPV,DRT,S,RDSSPV,-4.0290396987941675,0.62830724602647,51983,82735,273,151,183,MYO3A,MYO3A,STK,ST,FALSE,STE,RBL2_959_971_S4_0b192_O0xO,DRTS*RDssPVMRS
4,S4,__DRTSRDSSPV,DRT,S,RDSSPV,-4.014700927458674,0.27171088414818395,22480,82735,272,273,232,ULK1,ULK1,STK,ST,FALSE,Other,RBL2_959_971_S4_0b192_O0xO,DRTS*RDssPVMRS
4,S4,__DRTSRDSSPV,DRT,S,RDSSPV,-4.014399803266352,0.185133256783707,15317,82735,271,287,156,CDK2,CDK2,STK,ST,FALSE,CMGC,RBL2_959_971_S4_0b192_O0xO,DRTS*RDssPVMRS
4,S4,__DRTSRDSSPV,DRT,S,RDSSPV,-3.9836007336835784,0.14324046654982775,11851,82735,270,296,148,CDK8,CDK8,STK,ST,FALSE,CMGC,RBL2_959_971_S4_0b192_O0xO,DRTS*RDssPVMRS
4,S4,__DRTSRDSSPV,DRT,S,RDSSPV,-3.960943447311769,0.14564573638726053,12050,82735,269,295,10,P38G,MAPK12,STK,ST,FALSE,CMGC,RBL2_959_971_S4_0b192_O0xO,DRTS*RDssPVMRS
4,S4,__DRTSRDSSPV,DRT,S,RDSSPV,-3.897709454768812,0.5128180334803892,42428,82735,268,200,97,PKN1,PKN1,STK,ST,FALSE,AGC,RBL2_959_971_S4_0b192_O0xO,DRTS*RDssPVMRS
4,S4,__DRTSRDSSPV,DRT,S,RDSSPV,-3.8828256824878755,0.29282649422856105,24227,82735,267,268,30,CDK17,CDK17,STK,ST,FALSE,CMGC,RBL2_959_971_S4_0b192_O0xO,DRTS*RDssPVMRS
4,S4,__DRTSRDSSPV,DRT,S,RDSSPV,-3.829091073575366,0.13826071191152475,11439,82735,266,299,2,P38B,MAPK11,STK,ST,FALSE,CMGC,RBL2_959_971_S4_0b192_O0xO,DRTS*RDssPVMRS
4,S4,__DRTSRDSSPV,DRT,S,RDSSPV,-3.7958077963365326,0.21908503051912734,18126,82735,265,283,266,ERK1,MAPK3,STK,ST,FALSE,CMGC,RBL2_959_971_S4_0b192_O0xO,DRTS*RDssPVMRS
4,S4,__DRTSRDSSPV,DRT,S,RDSSPV,-3.780595652781065,0.4403335952136339,36431,82735,264,218,48,KHS1,MAP4K5,STK,ST,FALSE,STE,RBL2_959_971_S4_0b192_O0xO,DRTS*RDssPVMRS
4,S4,__DRTSRDSSPV,DRT,S,RDSSPV,-3.7719398519859775,0.38762313410285854,32070,82735,263,242,126,TNIK,TNIK,STK,ST,FALSE,STE,RBL2_959_971_S4_0b192_O0xO,DRTS*RDssPVMRS
4,S4,__DRTSRDSSPV,DRT,S,RDSSPV,-3.769213214023303,0.28678310267722246,23727,82735,262,270,33,CDK18,CDK18,STK,ST,FALSE,CMGC,RBL2_959_971_S4_0b192_O0xO,DRTS*RDssPVMRS
4,S4,__DRTSRDSSPV,DRT,S,RDSSPV,-3.7580330903622925,0.44279929896658005,36635,82735,261,217,107,NEK1,NEK1,STK,ST,FALSE,Other,RBL2_959_971_S4_0b192_O0xO,DRTS*RDssPVMRS
4,S4,__DRTSRDSSPV,DRT,S,RDSSPV,-3.7492681981218765,0.40130537257508914,33202,82735,260,235,141,NEK4,NEK4,STK,ST,FALSE,Other,RBL2_959_971_S4_0b192_O0xO,DRTS*RDssPVMRS
4,S4,__DRTSRDSSPV,DRT,S,RDSSPV,-3.747826562843951,0.28627545778691,23685,82735,259,271,52,CDK14,CDK14,STK,ST,FALSE,CMGC,RBL2_959_971_S4_0b192_O0xO,DRTS*RDssPVMRS
4,S4,__DRTSRDSSPV,DRT,S,RDSSPV,-3.649231117317721,0.4129328579198646,34164,82735,258,230,319,HGK,MAP4K4,STK,ST,FALSE,STE,RBL2_959_971_S4_0b192_O0xO,DRTS*RDssPVMRS
4,S4,__DRTSRDSSPV,DRT,S,RDSSPV,-3.634552816877672,0.36906992204024897,30535,82735,257,246,302,GCK,MAP4K2,STK,ST,FALSE,STE,RBL2_959_971_S4_0b192_O0xO,DRTS*RDssPVMRS
4,S4,__DRTSRDSSPV,DRT,S,RDSSPV,-3.6011042723612494,0.34334924759775187,28407,82735,256,258,269,ERK7,MAPK15,STK,ST,FALSE,CMGC,RBL2_959_971_S4_0b192_O0xO,DRTS*RDssPVMRS
4,S4,__DRTSRDSSPV,DRT,S,RDSSPV,-3.543358691527915,0.4690759654318003,38809,82735,255,210,42,HPK1,MAP4K1,STK,ST,FALSE,STE,RBL2_959_971_S4_0b192_O0xO,DRTS*RDssPVMRS
4,S4,__DRTSRDSSPV,DRT,S,RDSSPV,-3.5291656137429093,0.536532301927842,44390,82735,254,192,28,TAK1,MAP3K7,STK,ST,FALSE,TKL,RBL2_959_971_S4_0b192_O0xO,DRTS*RDssPVMRS
4,S4,__DRTSRDSSPV,DRT,S,RDSSPV,-3.524675554299627,0.30689550976007735,25391,82735,253,266,213,ZAK,MAP3K20,STK,ST,FALSE,TKL,RBL2_959_971_S4_0b192_O0xO,DRTS*RDssPVMRS
4,S4,__DRTSRDSSPV,DRT,S,RDSSPV,-3.47416833101114,0.6669245180395238,55178,82735,252,134,180,MYO3B,MYO3B,STK,ST,FALSE,STE,RBL2_959_971_S4_0b192_O0xO,DRTS*RDssPVMRS
4,S4,__DRTSRDSSPV,DRT,S,RDSSPV,-3.458532285909165,0.4321750166193268,35756,82735,251,222,336,MARK2,MARK2,STK,ST,FALSE,CAMK,RBL2_959_971_S4_0b192_O0xO,DRTS*RDssPVMRS
4,S4,__DRTSRDSSPV,DRT,S,RDSSPV,-3.4541671758494217,0.34530730646038554,28569,82735,250,256,29,NIM1,NIM1K,STK,ST,FALSE,CAMK,RBL2_959_971_S4_0b192_O0xO,DRTS*RDssPVMRS
4,S4,__DRTSRDSSPV,DRT,S,RDSSPV,-3.401686328907779,0.12352692330936121,10220,82735,249,301,178,JNK2,MAPK9,STK,ST,FALSE,CMGC,RBL2_959_971_S4_0b192_O0xO,DRTS*RDssPVMRS
4,S4,__DRTSRDSSPV,DRT,S,RDSSPV,-3.3980851795662916,0.26645313349851935,22045,82735,248,274,159,CDK1,CDK1,STK,ST,FALSE,CMGC,RBL2_959_971_S4_0b192_O0xO,DRTS*RDssPVMRS
4,S4,__DRTSRDSSPV,DRT,S,RDSSPV,-3.3980779924260602,0.3402550311234665,28151,82735,247,260,87,TAO2,TAOK2,STK,ST,FALSE,STE,RBL2_959_971_S4_0b192_O0xO,DRTS*RDssPVMRS
4,S4,__DRTSRDSSPV,DRT,S,RDSSPV,-3.3610330949246587,0.44480570496162447,36801,82735,246,215,197,PHKG1,PHKG1,STK,ST,FALSE,CAMK,RBL2_959_971_S4_0b192_O0xO,DRTS*RDssPVMRS
4,S4,__DRTSRDSSPV,DRT,S,RDSSPV,-3.3562512767051,0.6187103402429444,51189,82735,245,157,198,PHKG2,PHKG2,STK,ST,FALSE,CAMK,RBL2_959_971_S4_0b192_O0xO,DRTS*RDssPVMRS
4,S4,__DRTSRDSSPV,DRT,S,RDSSPV,-3.3387319469888617,0.4022723152233033,33282,82735,244,233,292,CAMKK2,CAMKK2,STK,ST,FALSE,Other,RBL2_959_971_S4_0b192_O0xO,DRTS*RDssPVMRS
4,S4,__DRTSRDSSPV,DRT,S,RDSSPV,-3.3264156379224006,0.16933583126850787,14010,82735,243,289,321,PRP4,PRPF4B,STK,ST,FALSE,CMGC,RBL2_959_971_S4_0b192_O0xO,DRTS*RDssPVMRS
4,S4,__DRTSRDSSPV,DRT,S,RDSSPV,-3.2391826971814233,0.5079712334562156,42027,82735,242,202,335,MARK3,MARK3,STK,ST,FALSE,CAMK,RBL2_959_971_S4_0b192_O0xO,DRTS*RDssPVMRS
4,S4,__DRTSRDSSPV,DRT,S,RDSSPV,-3.2332669169414117,0.3683084547047803,30472,82735,241,247,272,MST3,STK24,STK,ST,FALSE,STE,RBL2_959_971_S4_0b192_O0xO,DRTS*RDssPVMRS
4,S4,__DRTSRDSSPV,DRT,S,RDSSPV,-3.213073338297456,0.22086178763522088,18273,82735,240,282,176,JNK1,MAPK8,STK,ST,FALSE,CMGC,RBL2_959_971_S4_0b192_O0xO,DRTS*RDssPVMRS
4,S4,__DRTSRDSSPV,DRT,S,RDSSPV,-3.2067520807725853,0.45807699280836406,37899,82735,239,214,168,LRRK2,LRRK2,STK,ST,FALSE,TKL,RBL2_959_971_S4_0b192_O0xO,DRTS*RDssPVMRS
4,S4,__DRTSRDSSPV,DRT,S,RDSSPV,-3.1942763602754116,0.3249289901492718,26883,82735,238,265,50,CDK12,CDK12,STK,ST,FALSE,CMGC,RBL2_959_971_S4_0b192_O0xO,DRTS*RDssPVMRS
4,S4,__DRTSRDSSPV,DRT,S,RDSSPV,-3.180429898887219,0.5413428416027074,44788,82735,237,189,133,BRSK2,BRSK2,STK,ST,FALSE,CAMK,RBL2_959_971_S4_0b192_O0xO,DRTS*RDssPVMRS
4,S4,__DRTSRDSSPV,DRT,S,RDSSPV,-3.1573557441829236,0.3935093974738623,32557,82735,236,237,104,CHAK1,TRPM7,STK,ST,FALSE,Alpha,RBL2_959_971_S4_0b192_O0xO,DRTS*RDssPVMRS
4,S4,__DRTSRDSSPV,DRT,S,RDSSPV,-3.1220264901958865,0.38956910618238955,32231,82735,235,239,194,LKB1,STK11,STK,ST,FALSE,CAMK,RBL2_959_971_S4_0b192_O0xO,DRTS*RDssPVMRS
4,S4,__DRTSRDSSPV,DRT,S,RDSSPV,-3.1113053928715457,0.353042847646099,29209,82735,234,254,142,NEK5,NEK5,STK,ST,FALSE,Other,RBL2_959_971_S4_0b192_O0xO,DRTS*RDssPVMRS
4,S4,__DRTSRDSSPV,DRT,S,RDSSPV,-3.065858765270177,0.3056989182329123,25292,82735,233,267,86,TAO3,TAOK3,STK,ST,FALSE,STE,RBL2_959_971_S4_0b192_O0xO,DRTS*RDssPVMRS
4,S4,__DRTSRDSSPV,DRT,S,RDSSPV,-3.0275755025068825,0.7517616486372152,62197,82735,232,92,192,TTK,TTK,STK,ST,FALSE,Other,RBL2_959_971_S4_0b192_O0xO,DRTS*RDssPVMRS
4,S4,__DRTSRDSSPV,DRT,S,RDSSPV,-3.024741101786502,0.5834411071493322,48271,82735,231,170,45,CHK2,CHEK2,STK,ST,FALSE,CAMK,RBL2_959_971_S4_0b192_O0xO,DRTS*RDssPVMRS
4,S4,__DRTSRDSSPV,DRT,S,RDSSPV,-3.0241464047254096,0.4682903245301263,38744,82735,230,211,253,QSK,SIK3,STK,ST,FALSE,CAMK,RBL2_959_971_S4_0b192_O0xO,DRTS*RDssPVMRS
4,S4,__DRTSRDSSPV,DRT,S,RDSSPV,-3.0201829196793213,0.554239439173264,45855,82735,229,184,93,SSTK,TSSK6,STK,ST,FALSE,CAMK,RBL2_959_971_S4_0b192_O0xO,DRTS*RDssPVMRS
4,S4,__DRTSRDSSPV,DRT,S,RDSSPV,-2.967594473711431,0.5423943917326404,44875,82735,228,188,326,IRAK1,IRAK1,STK,ST,FALSE,TKL,RBL2_959_971_S4_0b192_O0xO,DRTS*RDssPVMRS
4,S4,__DRTSRDSSPV,DRT,S,RDSSPV,-2.9566327496811704,0.5540339638605185,45838,82735,227,185,337,MARK1,MARK1,STK,ST,FALSE,CAMK,RBL2_959_971_S4_0b192_O0xO,DRTS*RDssPVMRS
4,S4,__DRTSRDSSPV,DRT,S,RDSSPV,-2.925177312281461,0.5681392397413428,47005,82735,226,178,318,LOK,STK10,STK,ST,FALSE,STE,RBL2_959_971_S4_0b192_O0xO,DRTS*RDssPVMRS
4,S4,__DRTSRDSSPV,DRT,S,RDSSPV,-2.9122910307452115,0.3323502749743156,27497,82735,225,263,51,CDK13,CDK13,STK,ST,FALSE,CMGC,RBL2_959_971_S4_0b192_O0xO,DRTS*RDssPVMRS
4,S4,__DRTSRDSSPV,DRT,S,RDSSPV,-2.908637213487673,0.22527346346769808,18638,82735,224,281,3,P38A,MAPK14,STK,ST,FALSE,CMGC,RBL2_959_971_S4_0b192_O0xO,DRTS*RDssPVMRS
4,S4,__DRTSRDSSPV,DRT,S,RDSSPV,-2.884168176434186,0.39208315706774644,32439,82735,223,238,218,PDK1,PDPK1,STK,ST,FALSE,AGC,RBL2_959_971_S4_0b192_O0xO,DRTS*RDssPVMRS
4,S4,__DRTSRDSSPV,DRT,S,RDSSPV,-2.876846664884241,0.6966217441228018,57635,82735,222,116,117,VRK1,VRK1,STK,ST,FALSE,CK1,RBL2_959_971_S4_0b192_O0xO,DRTS*RDssPVMRS
4,S4,__DRTSRDSSPV,DRT,S,RDSSPV,-2.8466495657783013,0.5295944884269052,43816,82735,221,193,279,GAK,GAK,STK,ST,FALSE,Other,RBL2_959_971_S4_0b192_O0xO,DRTS*RDssPVMRS
4,S4,__DRTSRDSSPV,DRT,S,RDSSPV,-2.794103952052806,0.5578171269716565,46151,82735,220,182,291,CAMKK1,CAMKK1,STK,ST,FALSE,Other,RBL2_959_971_S4_0b192_O0xO,DRTS*RDssPVMRS
4,S4,__DRTSRDSSPV,DRT,S,RDSSPV,-2.788319114853348,0.37937994802683267,31388,82735,219,244,193,YSK4,MAP3K19,STK,ST,FALSE,STE,RBL2_959_971_S4_0b192_O0xO,DRTS*RDssPVMRS
4,S4,__DRTSRDSSPV,DRT,S,RDSSPV,-2.741908129772116,0.6976128603372213,57717,82735,218,115,226,HASPIN,HASPIN,STK,ST,FALSE,Other,RBL2_959_971_S4_0b192_O0xO,DRTS*RDssPVMRS
4,S4,__DRTSRDSSPV,DRT,S,RDSSPV,-2.718366000857548,0.14009790294313168,11591,82735,217,298,268,ERK5,MAPK7,STK,ST,FALSE,CMGC,RBL2_959_971_S4_0b192_O0xO,DRTS*RDssPVMRS
4,S4,__DRTSRDSSPV,DRT,S,RDSSPV,-2.693401568933778,0.5721157913821237,47334,82735,216,175,75,SIK,SIK1,STK,ST,FALSE,CAMK,RBL2_959_971_S4_0b192_O0xO,DRTS*RDssPVMRS
4,S4,__DRTSRDSSPV,DRT,S,RDSSPV,-2.6885444051263416,0.664446727503475,54973,82735,215,136,210,SNRK,SNRK,STK,ST,FALSE,CAMK,RBL2_959_971_S4_0b192_O0xO,DRTS*RDssPVMRS
4,S4,__DRTSRDSSPV,DRT,S,RDSSPV,-2.6552837028583247,0.3832839789689974,31711,82735,214,243,230,ULK2,ULK2,STK,ST,FALSE,Other,RBL2_959_971_S4_0b192_O0xO,DRTS*RDssPVMRS
4,S4,__DRTSRDSSPV,DRT,S,RDSSPV,-2.6228531807177893,0.5181966519610806,42873,82735,213,196,119,QIK,SIK2,STK,ST,FALSE,CAMK,RBL2_959_971_S4_0b192_O0xO,DRTS*RDssPVMRS
4,S4,__DRTSRDSSPV,DRT,S,RDSSPV,-2.6031874628365017,0.3521363389133982,29134,82735,212,255,149,CDK7,CDK7,STK,ST,FALSE,CMGC,RBL2_959_971_S4_0b192_O0xO,DRTS*RDssPVMRS
4,S4,__DRTSRDSSPV,DRT,S,RDSSPV,-2.5989555458869993,0.6212727382607119,51401,82735,211,156,241,TTBK1,TTBK1,STK,ST,FALSE,CK1,RBL2_959_971_S4_0b192_O0xO,DRTS*RDssPVMRS
4,S4,__DRTSRDSSPV,DRT,S,RDSSPV,-2.58607151945904,0.47244817791744725,39088,82735,210,208,103,DCAMKL2,DCLK2,STK,ST,FALSE,CAMK,RBL2_959_971_S4_0b192_O0xO,DRTS*RDssPVMRS
4,S4,__DRTSRDSSPV,DRT,S,RDSSPV,-2.566074116212624,0.1662053544449145,13751,82735,209,292,371,MASTL,MASTL,STK,ST,FALSE,AGC,RBL2_959_971_S4_0b192_O0xO,DRTS*RDssPVMRS
4,S4,__DRTSRDSSPV,DRT,S,RDSSPV,-2.5433904742788456,0.6779114038798574,56087,82735,208,126,169,CK2A2,CSNK2A2,STK,ST,FALSE,Other,RBL2_959_971_S4_0b192_O0xO,DRTS*RDssPVMRS
4,S4,__DRTSRDSSPV,DRT,S,RDSSPV,-2.524955938418938,0.23807336677343324,19697,82735,207,279,179,JNK3,MAPK10,STK,ST,FALSE,CMGC,RBL2_959_971_S4_0b192_O0xO,DRTS*RDssPVMRS
4,S4,__DRTSRDSSPV,DRT,S,RDSSPV,-2.487133544952262,0.34096815132652447,28210,82735,206,259,7,TBK1,TBK1,STK,ST,FALSE,Other,RBL2_959_971_S4_0b192_O0xO,DRTS*RDssPVMRS
4,S4,__DRTSRDSSPV,DRT,S,RDSSPV,-2.480803387560869,0.7040551157309483,58250,82735,205,109,195,CRIK,CIT,STK,ST,FALSE,AGC,RBL2_959_971_S4_0b192_O0xO,DRTS*RDssPVMRS
4,S4,__DRTSRDSSPV,DRT,S,RDSSPV,-2.4703379847999782,0.45950323321447994,38017,82735,204,213,108,NEK2,NEK2,STK,ST,FALSE,Other,RBL2_959_971_S4_0b192_O0xO,DRTS*RDssPVMRS
4,S4,__DRTSRDSSPV,DRT,S,RDSSPV,-2.4688224098416143,0.35381640176467033,29273,82735,203,253,102,CHAK2,TRPM6,STK,ST,FALSE,Alpha,RBL2_959_971_S4_0b192_O0xO,DRTS*RDssPVMRS
4,S4,__DRTSRDSSPV,DRT,S,RDSSPV,-2.4660651781651564,0.5625067988154953,46539,82735,202,180,243,NUAK1,NUAK1,STK,ST,FALSE,CAMK,RBL2_959_971_S4_0b192_O0xO,DRTS*RDssPVMRS
4,S4,__DRTSRDSSPV,DRT,S,RDSSPV,-2.4579097262545915,0.43659877923490664,36122,82735,201,219,204,IKKE,IKBKE,STK,ST,FALSE,Other,RBL2_959_971_S4_0b192_O0xO,DRTS*RDssPVMRS
4,S4,__DRTSRDSSPV,DRT,S,RDSSPV,-2.4361046469646177,0.6987006708164621,57807,82735,200,113,170,CK2A1,CSNK2A1,STK,ST,FALSE,Other,RBL2_959_971_S4_0b192_O0xO,DRTS*RDssPVMRS
4,S4,__DRTSRDSSPV,DRT,S,RDSSPV,-2.4359143982862417,0.6303982595032332,52156,82735,199,150,388,BUB1,BUB1,STK,ST,FALSE,Other,RBL2_959_971_S4_0b192_O0xO,DRTS*RDssPVMRS
4,S4,__DRTSRDSSPV,DRT,S,RDSSPV,-2.4327174556649376,0.40171632320058015,33236,82735,198,234,281,KIS,UHMK1,STK,ST,FALSE,Other,RBL2_959_971_S4_0b192_O0xO,DRTS*RDssPVMRS
4,S4,__DRTSRDSSPV,DRT,S,RDSSPV,-2.417364029997534,0.40658729679095906,33639,82735,197,232,25,PRKD1,PRKD1,STK,ST,FALSE,CAMK,RBL2_959_971_S4_0b192_O0xO,DRTS*RDssPVMRS
4,S4,__DRTSRDSSPV,DRT,S,RDSSPV,-2.372829866555056,0.5558107209766121,45985,82735,196,183,390,SBK,SBK1,STK,ST,FALSE,Other,RBL2_959_971_S4_0b192_O0xO,DRTS*RDssPVMRS
4,S4,__DRTSRDSSPV,DRT,S,RDSSPV,-2.353226436110112,0.44423762615579865,36754,82735,195,216,334,MARK4,MARK4,STK,ST,FALSE,CAMK,RBL2_959_971_S4_0b192_O0xO,DRTS*RDssPVMRS
4,S4,__DRTSRDSSPV,DRT,S,RDSSPV,-2.3411620414441723,0.38842086178763524,32136,82735,194,241,267,ERK2,MAPK1,STK,ST,FALSE,CMGC,RBL2_959_971_S4_0b192_O0xO,DRTS*RDssPVMRS
4,S4,__DRTSRDSSPV,DRT,S,RDSSPV,-2.323783023182243,0.47308877742188915,39141,82735,193,207,144,NEK7,NEK7,STK,ST,FALSE,Other,RBL2_959_971_S4_0b192_O0xO,DRTS*RDssPVMRS
4,S4,__DRTSRDSSPV,DRT,S,RDSSPV,-2.2928847460119632,0.6534235813138333,54061,82735,192,145,132,BRSK1,BRSK1,STK,ST,FALSE,CAMK,RBL2_959_971_S4_0b192_O0xO,DRTS*RDssPVMRS
4,S4,__DRTSRDSSPV,DRT,S,RDSSPV,-2.2842781427872576,0.41345258959327974,34207,82735,191,229,47,CHK1,CHEK1,STK,ST,FALSE,CAMK,RBL2_959_971_S4_0b192_O0xO,DRTS*RDssPVMRS
4,S4,__DRTSRDSSPV,DRT,S,RDSSPV,-2.264368024831129,0.5483410890191576,45367,82735,190,187,207,BCKDK,BCKDK,STK,ST,FALSE,PDHK,RBL2_959_971_S4_0b192_O0xO,DRTS*RDssPVMRS
4,S4,__DRTSRDSSPV,DRT,S,RDSSPV,-2.263339008949098,0.6433673777724058,53229,82735,189,146,358,PKCI,PRKCI,STK,ST,FALSE,AGC,RBL2_959_971_S4_0b192_O0xO,DRTS*RDssPVMRS
4,S4,__DRTSRDSSPV,DRT,S,RDSSPV,-2.220078419300697,0.6744304103462864,55799,82735,188,130,138,STK33,STK33,STK,ST,FALSE,CAMK,RBL2_959_971_S4_0b192_O0xO,DRTS*RDssPVMRS
4,S4,__DRTSRDSSPV,DRT,S,RDSSPV,-2.215236697503401,0.4764126427751254,39416,82735,187,206,369,HUNK,HUNK,STK,ST,FALSE,CAMK,RBL2_959_971_S4_0b192_O0xO,DRTS*RDssPVMRS
4,S4,__DRTSRDSSPV,DRT,S,RDSSPV,-2.2126412332513956,0.36330452650027195,30058,82735,186,248,203,IKKB,IKBKB,STK,ST,FALSE,Other,RBL2_959_971_S4_0b192_O0xO,DRTS*RDssPVMRS
4,S4,__DRTSRDSSPV,DRT,S,RDSSPV,-2.201555802088335,0.41637759110412764,34449,82735,185,227,140,NEK9,NEK9,STK,ST,FALSE,Other,RBL2_959_971_S4_0b192_O0xO,DRTS*RDssPVMRS
4,S4,__DRTSRDSSPV,DRT,S,RDSSPV,-2.1829295747485085,0.719078987127576,59493,82735,184,103,105,SLK,SLK,STK,ST,FALSE,STE,RBL2_959_971_S4_0b192_O0xO,DRTS*RDssPVMRS
4,S4,__DRTSRDSSPV,DRT,S,RDSSPV,-2.151246161248524,0.5917930742732822,48962,82735,183,167,370,IRAK4,IRAK4,STK,ST,FALSE,TKL,RBL2_959_971_S4_0b192_O0xO,DRTS*RDssPVMRS
4,S4,__DRTSRDSSPV,DRT,S,RDSSPV,-2.1030342763706233,0.5248927297999637,43427,82735,182,194,21,MPSK1,STK16,STK,ST,FALSE,Other,RBL2_959_971_S4_0b192_O0xO,DRTS*RDssPVMRS
4,S4,__DRTSRDSSPV,DRT,S,RDSSPV,-2.101393753755324,0.5712818033480389,47265,82735,181,176,252,MEKK2,MAP3K2,STK,ST,FALSE,STE,RBL2_959_971_S4_0b192_O0xO,DRTS*RDssPVMRS
4,S4,__DRTSRDSSPV,DRT,S,RDSSPV,-2.080662904151889,0.537765153804315,44492,82735,180,190,227,AMPKA2,PRKAA2,STK,ST,FALSE,CAMK,RBL2_959_971_S4_0b192_O0xO,DRTS*RDssPVMRS
4,S4,__DRTSRDSSPV,DRT,S,RDSSPV,-2.051849534264202,0.5806974073850245,48044,82735,179,171,120,MELK,MELK,STK,ST,FALSE,CAMK,RBL2_959_971_S4_0b192_O0xO,DRTS*RDssPVMRS
4,S4,__DRTSRDSSPV,DRT,S,RDSSPV,-2.0344699701522058,0.695521846860458,57544,82735,178,119,378,PKCE,PRKCE,STK,ST,FALSE,AGC,RBL2_959_971_S4_0b192_O0xO,DRTS*RDssPVMRS
4,S4,__DRTSRDSSPV,DRT,S,RDSSPV,-2.012758582641992,0.6716504502326706,55569,82735,177,131,125,MAPKAPK5,MAPKAPK5,STK,ST,FALSE,CAMK,RBL2_959_971_S4_0b192_O0xO,DRTS*RDssPVMRS
4,S4,__DRTSRDSSPV,DRT,S,RDSSPV,-2.0072085549921788,0.5153925182812594,42641,82735,176,197,242,TTBK2,TTBK2,STK,ST,FALSE,CK1,RBL2_959_971_S4_0b192_O0xO,DRTS*RDssPVMRS
4,S4,__DRTSRDSSPV,DRT,S,RDSSPV,-1.9919568696223329,0.3588807638846921,29692,82735,175,250,113,CDKL5,CDKL5,STK,ST,FALSE,CMGC,RBL2_959_971_S4_0b192_O0xO,DRTS*RDssPVMRS
4,S4,__DRTSRDSSPV,DRT,S,RDSSPV,-1.989230793006787,0.33034386897927115,27331,82735,174,264,94,MEK1,MAP2K1,STK,ST,TRUE,STE,RBL2_959_971_S4_0b192_O0xO,DRTS*RDssPVMRS
4,S4,__DRTSRDSSPV,DRT,S,RDSSPV,-1.987016108019957,0.591539251828126,48941,82735,173,168,249,MEKK1,MAP3K1,STK,ST,FALSE,STE,RBL2_959_971_S4_0b192_O0xO,DRTS*RDssPVMRS
4,S4,__DRTSRDSSPV,DRT,S,RDSSPV,-1.9663543982366158,0.6811869221006829,56358,82735,172,123,313,MLK4,MAP3K21,STK,ST,FALSE,TKL,RBL2_959_971_S4_0b192_O0xO,DRTS*RDssPVMRS
4,S4,__DRTSRDSSPV,DRT,S,RDSSPV,-1.9444317956392019,0.7037892065026893,58228,82735,171,111,139,NEK8,NEK8,STK,ST,FALSE,Other,RBL2_959_971_S4_0b192_O0xO,DRTS*RDssPVMRS
4,S4,__DRTSRDSSPV,DRT,S,RDSSPV,-1.938982032749941,0.5208920045929776,43096,82735,170,195,231,AMPKA1,PRKAA1,STK,ST,FALSE,CAMK,RBL2_959_971_S4_0b192_O0xO,DRTS*RDssPVMRS
4,S4,__DRTSRDSSPV,DRT,S,RDSSPV,-1.9367078613962354,0.5971837795370762,49408,82735,169,166,83,MEK5,MAP2K5,STK,ST,TRUE,STE,RBL2_959_971_S4_0b192_O0xO,DRTS*RDssPVMRS
4,S4,__DRTSRDSSPV,DRT,S,RDSSPV,-1.9161468372960397,0.6981567655768417,57762,82735,168,114,129,P70S6K,RPS6KB1,STK,ST,FALSE,AGC,RBL2_959_971_S4_0b192_O0xO,DRTS*RDssPVMRS
4,S4,__DRTSRDSSPV,DRT,S,RDSSPV,-1.866976227222135,0.4356439233697951,36043,82735,167,220,309,MLK2,MAP3K10,STK,ST,FALSE,TKL,RBL2_959_971_S4_0b192_O0xO,DRTS*RDssPVMRS
4,S4,__DRTSRDSSPV,DRT,S,RDSSPV,-1.8362398422211896,0.5780504018855381,47825,82735,166,172,24,PRKD2,PRKD2,STK,ST,FALSE,CAMK,RBL2_959_971_S4_0b192_O0xO,DRTS*RDssPVMRS
4,S4,__DRTSRDSSPV,DRT,S,RDSSPV,-1.8351752225113553,0.5756693056143107,47628,82735,165,173,127,TSSK1,TSSK1B,STK,ST,FALSE,CAMK,RBL2_959_971_S4_0b192_O0xO,DRTS*RDssPVMRS
4,S4,__DRTSRDSSPV,DRT,S,RDSSPV,-1.8052360544558537,0.8200640599504442,67848,82735,164,52,12,PKG1,PRKG1,STK,ST,FALSE,AGC,RBL2_959_971_S4_0b192_O0xO,DRTS*RDssPVMRS
4,S4,__DRTSRDSSPV,DRT,S,RDSSPV,-1.7956305590318464,0.5102435486795189,42215,82735,163,201,123,MAK,MAK,STK,ST,FALSE,CMGC,RBL2_959_971_S4_0b192_O0xO,DRTS*RDssPVMRS
4,S4,__DRTSRDSSPV,DRT,S,RDSSPV,-1.7744204157323047,0.6593461050341451,54551,82735,162,140,383,PKCB,PRKCB,STK,ST,FALSE,AGC,RBL2_959_971_S4_0b192_O0xO,DRTS*RDssPVMRS
4,S4,__DRTSRDSSPV,DRT,S,RDSSPV,-1.7679393745102356,0.47937390463528134,39661,82735,161,205,244,NUAK2,NUAK2,STK,ST,FALSE,CAMK,RBL2_959_971_S4_0b192_O0xO,DRTS*RDssPVMRS
4,S4,__DRTSRDSSPV,DRT,S,RDSSPV,-1.7295142982951524,0.806853206019218,66755,82735,160,62,368,AlphaK3,ALPK1,STK,ST,FALSE,Alpha,RBL2_959_971_S4_0b192_O0xO,DRTS*RDssPVMRS
4,S4,__DRTSRDSSPV,DRT,S,RDSSPV,-1.7003565972431098,0.6579077778449266,54432,82735,159,141,351,BMPR1A,BMPR1A,STK,ST,FALSE,TKL,RBL2_959_971_S4_0b192_O0xO,DRTS*RDssPVMRS
4,S4,__DRTSRDSSPV,DRT,S,RDSSPV,-1.671533401506036,0.6228681936302654,51533,82735,158,153,95,PKN2,PKN2,STK,ST,FALSE,AGC,RBL2_959_971_S4_0b192_O0xO,DRTS*RDssPVMRS
4,S4,__DRTSRDSSPV,DRT,S,RDSSPV,-1.6515832406363558,0.5376563727563909,44483,82735,157,191,66,DSTYK,DSTYK,STK,ST,FALSE,TKL,RBL2_959_971_S4_0b192_O0xO,DRTS*RDssPVMRS
4,S4,__DRTSRDSSPV,DRT,S,RDSSPV,-1.6505310017791042,0.5901855321206261,48829,82735,156,169,273,MST4,STK26,STK,ST,FALSE,STE,RBL2_959_971_S4_0b192_O0xO,DRTS*RDssPVMRS
4,S4,__DRTSRDSSPV,DRT,S,RDSSPV,-1.6416241089361674,0.6537015773251948,54084,82735,155,144,381,PKCA,PRKCA,STK,ST,FALSE,AGC,RBL2_959_971_S4_0b192_O0xO,DRTS*RDssPVMRS
4,S4,__DRTSRDSSPV,DRT,S,RDSSPV,-1.6296419453475668,0.4334078684957998,35858,82735,154,221,118,VRK2,VRK2,STK,ST,FALSE,CK1,RBL2_959_971_S4_0b192_O0xO,DRTS*RDssPVMRS
4,S4,__DRTSRDSSPV,DRT,S,RDSSPV,-1.6282839531216273,0.6640116033117786,54937,82735,153,137,60,SMG1,SMG1,STK,ST,FALSE,PIKK,RBL2_959_971_S4_0b192_O0xO,DRTS*RDssPVMRS
4,S4,__DRTSRDSSPV,DRT,S,RDSSPV,-1.6103821142893442,0.7289176285731552,60307,82735,152,99,360,PKCT,PRKCQ,STK,ST,FALSE,AGC,RBL2_959_971_S4_0b192_O0xO,DRTS*RDssPVMRS
4,S4,__DRTSRDSSPV,DRT,S,RDSSPV,-1.5997751818879566,0.22616788541729618,18712,82735,151,280,240,NLK,NLK,STK,ST,FALSE,CMGC,RBL2_959_971_S4_0b192_O0xO,DRTS*RDssPVMRS
4,S4,__DRTSRDSSPV,DRT,S,RDSSPV,-1.5969086998618083,0.5741947180757841,47506,82735,150,174,101,DCAMKL1,DCLK1,STK,ST,FALSE,CAMK,RBL2_959_971_S4_0b192_O0xO,DRTS*RDssPVMRS
4,S4,__DRTSRDSSPV,DRT,S,RDSSPV,-1.5929845574072328,0.420595878406962,34798,82735,149,226,372,TGFBR1,TGFBR1,STK,ST,FALSE,TKL,RBL2_959_971_S4_0b192_O0xO,DRTS*RDssPVMRS
4,S4,__DRTSRDSSPV,DRT,S,RDSSPV,-1.5794337702451986,0.6750710098507282,55852,82735,148,129,40,BRAF,BRAF,STK,ST,TRUE,TKL,RBL2_959_971_S4_0b192_O0xO,DRTS*RDssPVMRS
4,S4,__DRTSRDSSPV,DRT,S,RDSSPV,-1.5750505862885689,0.5153804314981567,42640,82735,147,198,344,CLK1,CLK1,STK,ST,FALSE,CMGC,RBL2_959_971_S4_0b192_O0xO,DRTS*RDssPVMRS
4,S4,__DRTSRDSSPV,DRT,S,RDSSPV,-1.5548064544848068,0.7109687556656796,58822,82735,146,108,359,PKCH,PRKCH,STK,ST,FALSE,AGC,RBL2_959_971_S4_0b192_O0xO,DRTS*RDssPVMRS
4,S4,__DRTSRDSSPV,DRT,S,RDSSPV,-1.5314329187280236,0.654559738925485,54155,82735,145,143,284,SGK3,SGK3,STK,ST,FALSE,AGC,RBL2_959_971_S4_0b192_O0xO,DRTS*RDssPVMRS
4,S4,__DRTSRDSSPV,DRT,S,RDSSPV,-1.4991976975992214,0.61142201003203,50586,82735,144,160,143,NEK6,NEK6,STK,ST,FALSE,Other,RBL2_959_971_S4_0b192_O0xO,DRTS*RDssPVMRS
4,S4,__DRTSRDSSPV,DRT,S,RDSSPV,-1.4865094632156959,0.6779114038798574,56087,82735,143,125,331,IRE1,ERN1,STK,ST,FALSE,Other,RBL2_959_971_S4_0b192_O0xO,DRTS*RDssPVMRS
4,S4,__DRTSRDSSPV,DRT,S,RDSSPV,-1.4356128329696691,0.7038254668519973,58231,82735,142,110,250,MEKK3,MAP3K3,STK,ST,FALSE,STE,RBL2_959_971_S4_0b192_O0xO,DRTS*RDssPVMRS
4,S4,__DRTSRDSSPV,DRT,S,RDSSPV,-1.3817427771717852,0.46274249108599746,38285,82735,141,212,41,CDC7,CDC7,STK,ST,FALSE,Other,RBL2_959_971_S4_0b192_O0xO,DRTS*RDssPVMRS
4,S4,__DRTSRDSSPV,DRT,S,RDSSPV,-1.3716700401341422,0.7188614250317278,59475,82735,140,104,380,PKCG,PRKCG,STK,ST,FALSE,AGC,RBL2_959_971_S4_0b192_O0xO,DRTS*RDssPVMRS
4,S4,__DRTSRDSSPV,DRT,S,RDSSPV,-1.3309408834581673,0.7860276787333051,65032,82735,139,74,9,AKT3,AKT3,STK,ST,FALSE,AGC,RBL2_959_971_S4_0b192_O0xO,DRTS*RDssPVMRS
4,S4,__DRTSRDSSPV,DRT,S,RDSSPV,-1.3148149758859222,0.7207107028464375,59628,82735,138,102,263,MNK1,MKNK1,STK,ST,FALSE,CAMK,RBL2_959_971_S4_0b192_O0xO,DRTS*RDssPVMRS
4,S4,__DRTSRDSSPV,DRT,S,RDSSPV,-1.3067405672588817,0.6635643923369795,54900,82735,137,139,215,DRAK1,STK17A,STK,ST,FALSE,CAMK,RBL2_959_971_S4_0b192_O0xO,DRTS*RDssPVMRS
4,S4,__DRTSRDSSPV,DRT,S,RDSSPV,-1.305524155070711,0.6097902943131686,50451,82735,136,161,246,SRPK2,SRPK2,STK,ST,FALSE,CMGC,RBL2_959_971_S4_0b192_O0xO,DRTS*RDssPVMRS
4,S4,__DRTSRDSSPV,DRT,S,RDSSPV,-1.300276433764967,0.6140085816160029,50800,82735,135,159,270,ANKRD3,RIPK4,STK,ST,FALSE,TKL,RBL2_959_971_S4_0b192_O0xO,DRTS*RDssPVMRS
4,S4,__DRTSRDSSPV,DRT,S,RDSSPV,-1.2930447674832013,0.35481960476219254,29356,82735,134,251,206,MTOR,MTOR,STK,ST,FALSE,PIKK,RBL2_959_971_S4_0b192_O0xO,DRTS*RDssPVMRS
4,S4,__DRTSRDSSPV,DRT,S,RDSSPV,-1.2906026184656505,0.6348099353357104,52521,82735,133,148,391,ACVR2B,ACVR2B,STK,ST,FALSE,TKL,RBL2_959_971_S4_0b192_O0xO,DRTS*RDssPVMRS
4,S4,__DRTSRDSSPV,DRT,S,RDSSPV,-1.2894729523409107,0.609173868374932,50400,82735,132,162,82,PKN3,PKN3,STK,ST,FALSE,AGC,RBL2_959_971_S4_0b192_O0xO,DRTS*RDssPVMRS
4,S4,__DRTSRDSSPV,DRT,S,RDSSPV,-1.2660174779807667,0.7712092826494229,63806,82735,131,83,283,FAM20C,FAM20C,STK,ST,FALSE,FAM20,RBL2_959_971_S4_0b192_O0xO,DRTS*RDssPVMRS
4,S4,__DRTSRDSSPV,DRT,S,RDSSPV,-1.259263121031858,0.4710461110775367,38972,82735,130,209,276,ALK4,ACVR1B,STK,ST,FALSE,TKL,RBL2_959_971_S4_0b192_O0xO,DRTS*RDssPVMRS
4,S4,__DRTSRDSSPV,DRT,S,RDSSPV,-1.2571198670464219,0.6279083821840817,51950,82735,129,152,38,PLK1,PLK1,STK,ST,FALSE,Other,RBL2_959_971_S4_0b192_O0xO,DRTS*RDssPVMRS
4,S4,__DRTSRDSSPV,DRT,S,RDSSPV,-1.205102243983245,0.5141354928385811,42537,82735,128,199,115,DYRK1A,DYRK1A,STK,ST,FALSE,CMGC,RBL2_959_971_S4_0b192_O0xO,DRTS*RDssPVMRS
4,S4,__DRTSRDSSPV,DRT,S,RDSSPV,-1.1915828164789082,0.6751435305493443,55858,82735,127,128,278,ALK2,ACVR1,STK,ST,FALSE,TKL,RBL2_959_971_S4_0b192_O0xO,DRTS*RDssPVMRS
4,S4,__DRTSRDSSPV,DRT,S,RDSSPV,-1.1858092735389894,0.5976189037287726,49444,82735,126,164,385,CAMK2D,CAMK2D,STK,ST,FALSE,CAMK,RBL2_959_971_S4_0b192_O0xO,DRTS*RDssPVMRS
4,S4,__DRTSRDSSPV,DRT,S,RDSSPV,-1.1666667646398323,0.6871094458209948,56848,82735,125,121,22,PRKD3,PRKD3,STK,ST,FALSE,CAMK,RBL2_959_971_S4_0b192_O0xO,DRTS*RDssPVMRS
4,S4,__DRTSRDSSPV,DRT,S,RDSSPV,-1.1664043495630845,0.7968816099595093,65930,82735,124,66,189,ROCK2,ROCK2,STK,ST,FALSE,AGC,RBL2_959_971_S4_0b192_O0xO,DRTS*RDssPVMRS
4,S4,__DRTSRDSSPV,DRT,S,RDSSPV,-1.1572714474682502,0.7430591648032876,61477,82735,123,95,285,SGK1,SGK1,STK,ST,FALSE,AGC,RBL2_959_971_S4_0b192_O0xO,DRTS*RDssPVMRS
4,S4,__DRTSRDSSPV,DRT,S,RDSSPV,-1.1536604484058182,0.7164561551942951,59276,82735,122,106,237,WNK4,WNK4,STK,ST,FALSE,Other,RBL2_959_971_S4_0b192_O0xO,DRTS*RDssPVMRS
4,S4,__DRTSRDSSPV,DRT,S,RDSSPV,-1.1462230710779964,0.7577687798392457,62694,82735,121,89,310,MLK3,MAP3K11,STK,ST,FALSE,TKL,RBL2_959_971_S4_0b192_O0xO,DRTS*RDssPVMRS
4,S4,__DRTSRDSSPV,DRT,S,RDSSPV,-1.1240222280205507,0.7866803650208497,65086,82735,120,73,155,MRCKB,CDC42BPB,STK,ST,FALSE,AGC,RBL2_959_971_S4_0b192_O0xO,DRTS*RDssPVMRS
4,S4,__DRTSRDSSPV,DRT,S,RDSSPV,-1.0945456401132394,0.6636127394693903,54904,82735,119,138,392,ACVR2A,ACVR2A,STK,ST,FALSE,TKL,RBL2_959_971_S4_0b192_O0xO,DRTS*RDssPVMRS
4,S4,__DRTSRDSSPV,DRT,S,RDSSPV,-1.0312860737270757,0.5710521544690881,47246,82735,118,177,80,DLK,MAP3K12,STK,ST,FALSE,TKL,RBL2_959_971_S4_0b192_O0xO,DRTS*RDssPVMRS
4,S4,__DRTSRDSSPV,DRT,S,RDSSPV,-1.021599547731275,0.6224209826554662,51496,82735,117,155,347,BMPR1B,BMPR1B,STK,ST,FALSE,TKL,RBL2_959_971_S4_0b192_O0xO,DRTS*RDssPVMRS
4,S4,__DRTSRDSSPV,DRT,S,RDSSPV,-0.9851266772912171,0.7712938901311416,63813,82735,116,82,11,AKT1,AKT1,STK,ST,FALSE,AGC,RBL2_959_971_S4_0b192_O0xO,DRTS*RDssPVMRS
4,S4,__DRTSRDSSPV,DRT,S,RDSSPV,-0.9779865188685097,0.6957998428718196,57567,82735,115,118,308,MLK1,MAP3K9,STK,ST,FALSE,TKL,RBL2_959_971_S4_0b192_O0xO,DRTS*RDssPVMRS
4,S4,__DRTSRDSSPV,DRT,S,RDSSPV,-0.9749626187104148,0.6754577869100139,55884,82735,114,127,121,MAPKAPK3,MAPKAPK3,STK,ST,FALSE,CAMK,RBL2_959_971_S4_0b192_O0xO,DRTS*RDssPVMRS
4,S4,__DRTSRDSSPV,DRT,S,RDSSPV,-0.9364708199914165,0.5973892548498217,49425,82735,113,165,301,MOK,MOK,STK,ST,FALSE,CMGC,RBL2_959_971_S4_0b192_O0xO,DRTS*RDssPVMRS
4,S4,__DRTSRDSSPV,DRT,S,RDSSPV,-0.933818228055357,0.7243246509941379,59927,82735,112,101,363,PKCZ,PRKCZ,STK,ST,FALSE,AGC,RBL2_959_971_S4_0b192_O0xO,DRTS*RDssPVMRS
4,S4,__DRTSRDSSPV,DRT,S,RDSSPV,-0.9218014512942022,0.7961564029733487,65870,82735,111,68,54,HRI,EIF2AK1,STK,ST,FALSE,Other,RBL2_959_971_S4_0b192_O0xO,DRTS*RDssPVMRS
4,S4,__DRTSRDSSPV,DRT,S,RDSSPV,-0.921043888672175,0.6073729376926331,50251,82735,110,163,174,PDHK1,PDK1,STK,STY,FALSE,PDHK,RBL2_959_971_S4_0b192_O0xO,DRTS*RDssPVMRS
4,S4,__DRTSRDSSPV,DRT,S,RDSSPV,-0.9035999002865372,0.43010817670876894,35585,82735,109,224,329,GRK7,GRK7,STK,ST,FALSE,AGC,RBL2_959_971_S4_0b192_O0xO,DRTS*RDssPVMRS
4,S4,__DRTSRDSSPV,DRT,S,RDSSPV,-0.8928296647657408,0.8158215990814045,67497,82735,108,58,289,PERK,EIF2AK3,STK,ST,FALSE,Other,RBL2_959_971_S4_0b192_O0xO,DRTS*RDssPVMRS
4,S4,__DRTSRDSSPV,DRT,S,RDSSPV,-0.8708912126933636,0.7688402731612981,63610,82735,107,86,306,CAMK4,CAMK4,STK,ST,FALSE,CAMK,RBL2_959_971_S4_0b192_O0xO,DRTS*RDssPVMRS
4,S4,__DRTSRDSSPV,DRT,S,RDSSPV,-0.8304017118336471,0.8552003384299268,70755,82735,106,39,187,ROCK1,ROCK1,STK,ST,FALSE,AGC,RBL2_959_971_S4_0b192_O0xO,DRTS*RDssPVMRS
4,S4,__DRTSRDSSPV,DRT,S,RDSSPV,-0.8086398625605671,0.7714147579621684,63823,82735,105,81,264,MNK2,MKNK2,STK,ST,FALSE,CAMK,RBL2_959_971_S4_0b192_O0xO,DRTS*RDssPVMRS
4,S4,__DRTSRDSSPV,DRT,S,RDSSPV,-0.7951337059207259,0.5484136097177736,45373,82735,104,186,61,CK1E,CSNK1E,STK,ST,FALSE,CK1,RBL2_959_971_S4_0b192_O0xO,DRTS*RDssPVMRS
4,S4,__DRTSRDSSPV,DRT,S,RDSSPV,-0.7709165156138876,0.7724300477427932,63907,82735,103,79,373,TGFBR2,TGFBR2,STK,ST,FALSE,TKL,RBL2_959_971_S4_0b192_O0xO,DRTS*RDssPVMRS
4,S4,__DRTSRDSSPV,DRT,S,RDSSPV,-0.751674027020518,0.7155012993291835,59197,82735,102,107,128,TSSK2,TSSK2,STK,ST,FALSE,CAMK,RBL2_959_971_S4_0b192_O0xO,DRTS*RDssPVMRS
4,S4,__DRTSRDSSPV,DRT,S,RDSSPV,-0.7403844243698542,0.7981386354021877,66034,82735,101,65,13,PKG2,PRKG2,STK,ST,FALSE,AGC,RBL2_959_971_S4_0b192_O0xO,DRTS*RDssPVMRS
4,S4,__DRTSRDSSPV,DRT,S,RDSSPV,-0.7146784282058488,0.7467818939989121,61785,82735,100,93,112,PIM2,PIM2,STK,ST,FALSE,CAMK,RBL2_959_971_S4_0b192_O0xO,DRTS*RDssPVMRS
4,S4,__DRTSRDSSPV,DRT,S,RDSSPV,-0.695930752114807,0.8191454644346408,67772,82735,99,53,364,CAMK1A,CAMK1,STK,ST,FALSE,CAMK,RBL2_959_971_S4_0b192_O0xO,DRTS*RDssPVMRS
4,S4,__DRTSRDSSPV,DRT,S,RDSSPV,-0.693699156286159,0.8181664350033239,67691,82735,98,56,295,PAK6,PAK6,STK,ST,FALSE,STE,RBL2_959_971_S4_0b192_O0xO,DRTS*RDssPVMRS
4,S4,__DRTSRDSSPV,DRT,S,RDSSPV,-0.6933341989276108,0.6317640659938357,52269,82735,97,149,320,RAF1,RAF1,STK,ST,TRUE,TKL,RBL2_959_971_S4_0b192_O0xO,DRTS*RDssPVMRS
4,S4,__DRTSRDSSPV,DRT,S,RDSSPV,-0.6809344114751044,0.6918232912310388,57238,82735,96,120,19,PASK,PASK,STK,ST,FALSE,CAMK,RBL2_959_971_S4_0b192_O0xO,DRTS*RDssPVMRS
4,S4,__DRTSRDSSPV,DRT,S,RDSSPV,-0.6121710620853843,0.6674321629298362,55220,82735,95,133,247,SRPK3,SRPK3,STK,ST,FALSE,CMGC,RBL2_959_971_S4_0b192_O0xO,DRTS*RDssPVMRS
4,S4,__DRTSRDSSPV,DRT,S,RDSSPV,-0.6021241528294117,0.8131745935819181,67278,82735,94,60,15,DAPK1,DAPK1,STK,ST,FALSE,CAMK,RBL2_959_971_S4_0b192_O0xO,DRTS*RDssPVMRS
4,S4,__DRTSRDSSPV,DRT,S,RDSSPV,-0.5936534644906104,0.773674986402369,64010,82735,93,78,8,AKT2,AKT2,STK,ST,FALSE,AGC,RBL2_959_971_S4_0b192_O0xO,DRTS*RDssPVMRS
4,S4,__DRTSRDSSPV,DRT,S,RDSSPV,-0.577825631556563,0.7269595697105216,60145,82735,92,100,124,MAPKAPK2,MAPKAPK2,STK,ST,FALSE,CAMK,RBL2_959_971_S4_0b192_O0xO,DRTS*RDssPVMRS
4,S4,__DRTSRDSSPV,DRT,S,RDSSPV,-0.5721087268218532,0.8103462863358917,67044,82735,91,61,71,RIPK3,RIPK3,STK,ST,FALSE,TKL,RBL2_959_971_S4_0b192_O0xO,DRTS*RDssPVMRS
4,S4,__DRTSRDSSPV,DRT,S,RDSSPV,-0.5287922458586816,0.5633166132833747,46606,82735,90,179,130,CDKL1,CDKL1,STK,ST,FALSE,CMGC,RBL2_959_971_S4_0b192_O0xO,DRTS*RDssPVMRS
4,S4,__DRTSRDSSPV,DRT,S,RDSSPV,-0.5153705676568143,0.7526439838037107,62270,82735,89,90,293,DNAPK,PRKDC,STK,ST,FALSE,PIKK,RBL2_959_971_S4_0b192_O0xO,DRTS*RDssPVMRS
4,S4,__DRTSRDSSPV,DRT,S,RDSSPV,-0.49133405434867905,0.7935093974738623,65651,82735,88,69,367,CAMK1D,CAMK1D,STK,ST,FALSE,CAMK,RBL2_959_971_S4_0b192_O0xO,DRTS*RDssPVMRS
4,S4,__DRTSRDSSPV,DRT,S,RDSSPV,-0.4487801958284759,0.8191092040853327,67769,82735,87,54,311,YANK2,STK32B,STK,ST,FALSE,AGC,RBL2_959_971_S4_0b192_O0xO,DRTS*RDssPVMRS
4,S4,__DRTSRDSSPV,DRT,S,RDSSPV,-0.4239591932521729,0.7890010273765637,65278,82735,86,71,328,GRK4,GRK4,STK,ST,FALSE,AGC,RBL2_959_971_S4_0b192_O0xO,DRTS*RDssPVMRS
4,S4,__DRTSRDSSPV,DRT,S,RDSSPV,-0.42003146083874576,0.8444672750347495,69867,82735,85,43,17,DAPK3,DAPK3,STK,ST,FALSE,CAMK,RBL2_959_971_S4_0b192_O0xO,DRTS*RDssPVMRS
4,S4,__DRTSRDSSPV,DRT,S,RDSSPV,-0.4029490611888446,0.7630869644044238,63134,82735,84,87,64,CK1A,CSNK1A1,STK,ST,FALSE,CK1,RBL2_959_971_S4_0b192_O0xO,DRTS*RDssPVMRS
4,S4,__DRTSRDSSPV,DRT,S,RDSSPV,-0.34950772009937875,0.8489877319151508,70241,82735,83,41,327,IRE2,ERN2,STK,ST,FALSE,Other,RBL2_959_971_S4_0b192_O0xO,DRTS*RDssPVMRS
4,S4,__DRTSRDSSPV,DRT,S,RDSSPV,-0.3170196045885708,0.7883966882214298,65228,82735,82,72,377,LATS2,LATS2,STK,ST,FALSE,AGC,RBL2_959_971_S4_0b192_O0xO,DRTS*RDssPVMRS
4,S4,__DRTSRDSSPV,DRT,S,RDSSPV,-0.3163758447082087,0.42603493080316673,35248,82735,81,225,332,PRPK,TP53RK,STK,ST,FALSE,Other,RBL2_959_971_S4_0b192_O0xO,DRTS*RDssPVMRS
4,S4,__DRTSRDSSPV,DRT,S,RDSSPV,-0.2900124891085177,0.6829999395660845,56508,82735,80,122,322,GRK1,GRK1,STK,ST,FALSE,AGC,RBL2_959_971_S4_0b192_O0xO,DRTS*RDssPVMRS
4,S4,__DRTSRDSSPV,DRT,S,RDSSPV,-0.25784515376658435,0.8751193569831389,72403,82735,79,33,299,PAK5,PAK5,STK,ST,FALSE,STE,RBL2_959_971_S4_0b192_O0xO,DRTS*RDssPVMRS
4,S4,__DRTSRDSSPV,DRT,S,RDSSPV,-0.2555261820414716,0.8786245240829154,72693,82735,78,30,182,PKR,EIF2AK2,STK,ST,FALSE,Other,RBL2_959_971_S4_0b192_O0xO,DRTS*RDssPVMRS
4,S4,__DRTSRDSSPV,DRT,S,RDSSPV,-0.23894198777129644,0.835571402671179,69131,82735,77,46,259,WNK3,WNK3,STK,ST,FALSE,Other,RBL2_959_971_S4_0b192_O0xO,DRTS*RDssPVMRS
4,S4,__DRTSRDSSPV,DRT,S,RDSSPV,-0.2292459390491042,0.8160512479603553,67516,82735,76,57,37,PLK2,PLK2,STK,ST,FALSE,Other,RBL2_959_971_S4_0b192_O0xO,DRTS*RDssPVMRS
4,S4,__DRTSRDSSPV,DRT,S,RDSSPV,-0.14285060913318637,0.6958965371366411,57575,82735,75,117,208,NIK,MAP3K14,STK,ST,FALSE,STE,RBL2_959_971_S4_0b192_O0xO,DRTS*RDssPVMRS
4,S4,__DRTSRDSSPV,DRT,S,RDSSPV,-0.1366924164596395,0.7789931709675469,64450,82735,74,76,173,PDHK4,PDK4,STK,STY,FALSE,PDHK,RBL2_959_971_S4_0b192_O0xO,DRTS*RDssPVMRS
4,S4,__DRTSRDSSPV,DRT,S,RDSSPV,-0.09064575394300237,0.7721641385145344,63885,82735,73,80,111,P70S6KB,RPS6KB2,STK,ST,FALSE,AGC,RBL2_959_971_S4_0b192_O0xO,DRTS*RDssPVMRS
4,S4,__DRTSRDSSPV,DRT,S,RDSSPV,-0.029419287155377623,0.7589653713664108,62793,82735,72,88,166,BMPR2,BMPR2,STK,ST,FALSE,TKL,RBL2_959_971_S4_0b192_O0xO,DRTS*RDssPVMRS
4,S4,__DRTSRDSSPV,DRT,S,RDSSPV,-0.016840461925977976,0.5605124796035535,46374,82735,71,181,255,ICK,CILK1,STK,ST,FALSE,CMGC,RBL2_959_971_S4_0b192_O0xO,DRTS*RDssPVMRS
4,S4,__DRTSRDSSPV,DRT,S,RDSSPV,-0.009623170102937638,0.8970206079651901,74215,82735,70,16,361,DMPK1,DMPK,STK,ST,FALSE,AGC,RBL2_959_971_S4_0b192_O0xO,DRTS*RDssPVMRS
4,S4,__DRTSRDSSPV,DRT,S,RDSSPV,0.01200194121646039,0.6705747265365323,55480,82735,69,132,254,SRPK1,SRPK1,STK,ST,FALSE,CMGC,RBL2_959_971_S4_0b192_O0xO,DRTS*RDssPVMRS
4,S4,__DRTSRDSSPV,DRT,S,RDSSPV,0.021104228420070766,0.8959327974859491,74125,82735,68,17,366,GCN2,EIF2AK4,STK,ST,FALSE,Other,RBL2_959_971_S4_0b192_O0xO,DRTS*RDssPVMRS
4,S4,__DRTSRDSSPV,DRT,S,RDSSPV,0.03557789634418744,0.796591527165045,65906,82735,67,67,261,ATR,ATR,STK,ST,FALSE,PIKK,RBL2_959_971_S4_0b192_O0xO,DRTS*RDssPVMRS
4,S4,__DRTSRDSSPV,DRT,S,RDSSPV,0.049353182896045615,0.8476702725569589,70132,82735,66,42,63,CK1G2,CSNK1G2,STK,ST,FALSE,CK1,RBL2_959_971_S4_0b192_O0xO,DRTS*RDssPVMRS
4,S4,__DRTSRDSSPV,DRT,S,RDSSPV,0.07045462249695458,0.7522451199613223,62237,82735,65,91,384,CAMK2B,CAMK2B,STK,ST,FALSE,CAMK,RBL2_959_971_S4_0b192_O0xO,DRTS*RDssPVMRS
4,S4,__DRTSRDSSPV,DRT,S,RDSSPV,0.07222988993889196,0.9013839366652565,74576,82735,64,14,300,PAK4,PAK4,STK,ST,FALSE,STE,RBL2_959_971_S4_0b192_O0xO,DRTS*RDssPVMRS
4,S4,__DRTSRDSSPV,DRT,S,RDSSPV,0.08184805040937482,0.7703148606998247,63732,82735,63,85,106,PIM1,PIM1,STK,ST,FALSE,CAMK,RBL2_959_971_S4_0b192_O0xO,DRTS*RDssPVMRS
4,S4,__DRTSRDSSPV,DRT,S,RDSSPV,0.0860587798369723,0.8234120988698858,68125,82735,62,50,34,PLK3,PLK3,STK,ST,FALSE,Other,RBL2_959_971_S4_0b192_O0xO,DRTS*RDssPVMRS
4,S4,__DRTSRDSSPV,DRT,S,RDSSPV,0.09681123079177298,0.49689974013416327,41111,82735,61,203,354,GSK3B,GSK3B,STK,ST,FALSE,CMGC,RBL2_959_971_S4_0b192_O0xO,DRTS*RDssPVMRS
4,S4,__DRTSRDSSPV,DRT,S,RDSSPV,0.09991679212779792,0.7384299268749622,61094,82735,60,98,374,LATS1,LATS1,STK,ST,FALSE,AGC,RBL2_959_971_S4_0b192_O0xO,DRTS*RDssPVMRS
4,S4,__DRTSRDSSPV,DRT,S,RDSSPV,0.16011101646902154,0.6225901976189038,51510,82735,59,154,91,HIPK3,HIPK3,STK,ST,FALSE,CMGC,RBL2_959_971_S4_0b192_O0xO,DRTS*RDssPVMRS
4,S4,__DRTSRDSSPV,DRT,S,RDSSPV,0.16339778591095028,0.8252251163352874,68275,82735,58,49,343,RSK3,RPS6KA2,STK,ST,FALSE,AGC,RBL2_959_971_S4_0b192_O0xO,DRTS*RDssPVMRS
4,S4,__DRTSRDSSPV,DRT,S,RDSSPV,0.16856087292439895,0.8338188191212909,68986,82735,57,48,379,PKCD,PRKCD,STK,ST,FALSE,AGC,RBL2_959_971_S4_0b192_O0xO,DRTS*RDssPVMRS
4,S4,__DRTSRDSSPV,DRT,S,RDSSPV,0.1912669709747331,0.8187345138091497,67738,82735,56,55,258,WNK1,WNK1,STK,ST,FALSE,Other,RBL2_959_971_S4_0b192_O0xO,DRTS*RDssPVMRS
4,S4,__DRTSRDSSPV,DRT,S,RDSSPV,0.1955677848615691,0.7706170302773917,63757,82735,55,84,62,CK1D,CSNK1D,STK,ST,FALSE,CK1,RBL2_959_971_S4_0b192_O0xO,DRTS*RDssPVMRS
4,S4,__DRTSRDSSPV,DRT,S,RDSSPV,0.2258428683467668,0.7759835619749803,64201,82735,54,77,109,PIM3,PIM3,STK,ST,FALSE,CAMK,RBL2_959_971_S4_0b192_O0xO,DRTS*RDssPVMRS
4,S4,__DRTSRDSSPV,DRT,S,RDSSPV,0.22941105934442466,0.8756995225720674,72451,82735,53,32,157,MRCKA,CDC42BPA,STK,ST,FALSE,AGC,RBL2_959_971_S4_0b192_O0xO,DRTS*RDssPVMRS
4,S4,__DRTSRDSSPV,DRT,S,RDSSPV,0.29757460484709486,0.799697830422433,66163,82735,52,64,16,DAPK2,DAPK2,STK,ST,FALSE,CAMK,RBL2_959_971_S4_0b192_O0xO,DRTS*RDssPVMRS
4,S4,__DRTSRDSSPV,DRT,S,RDSSPV,0.34843442512166173,0.8661872242702605,71664,82735,51,36,296,PAK3,PAK3,STK,ST,FALSE,STE,RBL2_959_971_S4_0b192_O0xO,DRTS*RDssPVMRS
4,S4,__DRTSRDSSPV,DRT,S,RDSSPV,0.3503019471371972,0.8647005499486312,71541,82735,50,37,325,GRK5,GRK5,STK,ST,FALSE,AGC,RBL2_959_971_S4_0b192_O0xO,DRTS*RDssPVMRS
4,S4,__DRTSRDSSPV,DRT,S,RDSSPV,0.3910792201483887,0.6548135613706412,54176,82735,49,142,116,DYRK1B,DYRK1B,STK,ST,FALSE,CMGC,RBL2_959_971_S4_0b192_O0xO,DRTS*RDssPVMRS
4,S4,__DRTSRDSSPV,DRT,S,RDSSPV,0.40215900027426715,0.8847646098990753,73201,82735,48,25,171,TLK2,TLK2,STK,ST,FALSE,Other,RBL2_959_971_S4_0b192_O0xO,DRTS*RDssPVMRS
4,S4,__DRTSRDSSPV,DRT,S,RDSSPV,0.4166614505626243,0.8213089986100199,67951,82735,47,51,257,NDR2,STK38L,STK,ST,FALSE,AGC,RBL2_959_971_S4_0b192_O0xO,DRTS*RDssPVMRS
4,S4,__DRTSRDSSPV,DRT,S,RDSSPV,0.4273841520934173,0.8339155133861123,68994,82735,46,47,324,GRK2,GRK2,STK,ST,FALSE,AGC,RBL2_959_971_S4_0b192_O0xO,DRTS*RDssPVMRS
4,S4,__DRTSRDSSPV,DRT,S,RDSSPV,0.4349929055683168,0.7448721822686892,61627,82735,45,94,146,COT,MAP3K8,STK,ST,FALSE,STE,RBL2_959_971_S4_0b192_O0xO,DRTS*RDssPVMRS
4,S4,__DRTSRDSSPV,DRT,S,RDSSPV,0.46856604055882933,0.8959086239197438,74123,82735,44,18,333,RIPK1,RIPK1,STK,ST,FALSE,TKL,RBL2_959_971_S4_0b192_O0xO,DRTS*RDssPVMRS
4,S4,__DRTSRDSSPV,DRT,S,RDSSPV,0.47454800346249415,0.8049314075058923,66596,82735,43,63,330,GRK6,GRK6,STK,ST,FALSE,AGC,RBL2_959_971_S4_0b192_O0xO,DRTS*RDssPVMRS
4,S4,__DRTSRDSSPV,DRT,S,RDSSPV,0.49419963066765066,0.8494470296730525,70279,82735,42,40,312,YANK3,STK32C,STK,ST,FALSE,AGC,RBL2_959_971_S4_0b192_O0xO,DRTS*RDssPVMRS
4,S4,__DRTSRDSSPV,DRT,S,RDSSPV,0.5075730155009126,0.6174049676678552,51081,82735,41,158,340,CLK3,CLK3,STK,ST,FALSE,CMGC,RBL2_959_971_S4_0b192_O0xO,DRTS*RDssPVMRS
4,S4,__DRTSRDSSPV,DRT,S,RDSSPV,0.5087867219871292,0.8624886686408413,71358,82735,40,38,209,PINK1,PINK1,STK,ST,FALSE,Other,RBL2_959_971_S4_0b192_O0xO,DRTS*RDssPVMRS
4,S4,__DRTSRDSSPV,DRT,S,RDSSPV,0.5140187790712005,0.8879676074212848,73466,82735,39,22,382,CAMK1G,CAMK1G,STK,ST,FALSE,CAMK,RBL2_959_971_S4_0b192_O0xO,DRTS*RDssPVMRS
4,S4,__DRTSRDSSPV,DRT,S,RDSSPV,0.5521123037135027,0.7910195201547108,65445,82735,38,70,387,CAMK2A,CAMK2A,STK,ST,FALSE,CAMK,RBL2_959_971_S4_0b192_O0xO,DRTS*RDssPVMRS
4,S4,__DRTSRDSSPV,DRT,S,RDSSPV,0.5576875267999305,0.8360065268628755,69167,82735,37,45,323,GRK3,GRK3,STK,ST,FALSE,AGC,RBL2_959_971_S4_0b192_O0xO,DRTS*RDssPVMRS
4,S4,__DRTSRDSSPV,DRT,S,RDSSPV,0.5636301259004326,0.6411313228984106,53044,82735,36,147,90,HIPK1,HIPK1,STK,ST,FALSE,CMGC,RBL2_959_971_S4_0b192_O0xO,DRTS*RDssPVMRS
4,S4,__DRTSRDSSPV,DRT,S,RDSSPV,0.5993627104316366,0.6810660542696562,56348,82735,35,124,88,HIPK4,HIPK4,STK,ST,FALSE,CMGC,RBL2_959_971_S4_0b192_O0xO,DRTS*RDssPVMRS
4,S4,__DRTSRDSSPV,DRT,S,RDSSPV,0.6248792287562558,0.8919804194113736,73798,82735,34,20,297,PAK2,PAK2,STK,ST,FALSE,STE,RBL2_959_971_S4_0b192_O0xO,DRTS*RDssPVMRS
4,S4,__DRTSRDSSPV,DRT,S,RDSSPV,0.6306014341851374,0.9063757780866623,74989,82735,33,10,175,smMLCK,MYLK,STK,ST,FALSE,CAMK,RBL2_959_971_S4_0b192_O0xO,DRTS*RDssPVMRS
4,S4,__DRTSRDSSPV,DRT,S,RDSSPV,0.662326003102814,0.8426905179186559,69720,82735,32,44,298,P90RSK,RPS6KA1,STK,ST,FALSE,AGC,RBL2_959_971_S4_0b192_O0xO,DRTS*RDssPVMRS
4,S4,__DRTSRDSSPV,DRT,S,RDSSPV,0.6719258844624763,0.8149513506980117,67425,82735,31,59,303,MOS,MOS,STK,ST,FALSE,Other,RBL2_959_971_S4_0b192_O0xO,DRTS*RDssPVMRS
4,S4,__DRTSRDSSPV,DRT,S,RDSSPV,0.70559155088233,0.8762192542454825,72494,82735,30,31,256,NDR1,STK38,STK,ST,FALSE,AGC,RBL2_959_971_S4_0b192_O0xO,DRTS*RDssPVMRS
4,S4,__DRTSRDSSPV,DRT,S,RDSSPV,0.7187342811029123,0.9232126669486916,76382,82735,29,5,58,CK1G1,CSNK1G1,STK,ST,FALSE,CK1,RBL2_959_971_S4_0b192_O0xO,DRTS*RDssPVMRS
4,S4,__DRTSRDSSPV,DRT,S,RDSSPV,0.7664091510830522,0.740049555810721,61228,82735,28,96,342,CLK2,CLK2,STK,ST,FALSE,CMGC,RBL2_959_971_S4_0b192_O0xO,DRTS*RDssPVMRS
4,S4,__DRTSRDSSPV,DRT,S,RDSSPV,0.7877563472435175,0.9475796216836889,78398,82735,27,2,172,TLK1,TLK1,STK,ST,FALSE,Other,RBL2_959_971_S4_0b192_O0xO,DRTS*RDssPVMRS
4,S4,__DRTSRDSSPV,DRT,S,RDSSPV,0.7927617231685642,0.8830241131322898,73057,82735,26,26,5,PKACA,PRKACA,STK,ST,FALSE,AGC,RBL2_959_971_S4_0b192_O0xO,DRTS*RDssPVMRS
4,S4,__DRTSRDSSPV,DRT,S,RDSSPV,0.8002985046150431,0.8904212243911283,73669,82735,25,21,162,AURC,AURKC,STK,ST,FALSE,Other,RBL2_959_971_S4_0b192_O0xO,DRTS*RDssPVMRS
4,S4,__DRTSRDSSPV,DRT,S,RDSSPV,0.8211648398342273,0.7805765395539978,64581,82735,24,75,339,CLK4,CLK4,STK,ST,FALSE,CMGC,RBL2_959_971_S4_0b192_O0xO,DRTS*RDssPVMRS
4,S4,__DRTSRDSSPV,DRT,S,RDSSPV,0.8331048080003206,0.9055297032694748,74919,82735,23,11,260,ATM,ATM,STK,ST,FALSE,PIKK,RBL2_959_971_S4_0b192_O0xO,DRTS*RDssPVMRS
4,S4,__DRTSRDSSPV,DRT,S,RDSSPV,0.9354247869050999,0.7034386897927116,58199,82735,22,112,92,HIPK2,HIPK2,STK,ST,FALSE,CMGC,RBL2_959_971_S4_0b192_O0xO,DRTS*RDssPVMRS
4,S4,__DRTSRDSSPV,DRT,S,RDSSPV,0.9818416923393224,0.8868072762434278,73370,82735,21,23,1,PKACG,PRKACG,STK,ST,FALSE,AGC,RBL2_959_971_S4_0b192_O0xO,DRTS*RDssPVMRS
4,S4,__DRTSRDSSPV,DRT,S,RDSSPV,1.0793909378203166,0.918668036502085,76006,82735,20,6,135,CK1A2,CSNK1A1L,STK,ST,FALSE,CK1,RBL2_959_971_S4_0b192_O0xO,DRTS*RDssPVMRS
4,S4,__DRTSRDSSPV,DRT,S,RDSSPV,1.0831682723474712,0.6661509639209524,55114,82735,19,135,356,GSK3A,GSK3A,STK,ST,FALSE,CMGC,RBL2_959_971_S4_0b192_O0xO,DRTS*RDssPVMRS
4,S4,__DRTSRDSSPV,DRT,S,RDSSPV,1.097809107450812,0.9094095606454342,75240,82735,18,9,161,AURB,AURKB,STK,ST,FALSE,Other,RBL2_959_971_S4_0b192_O0xO,DRTS*RDssPVMRS
4,S4,__DRTSRDSSPV,DRT,S,RDSSPV,1.1243786622036216,0.8812473560161963,72910,82735,17,27,338,RSK4,RPS6KA6,STK,ST,FALSE,AGC,RBL2_959_971_S4_0b192_O0xO,DRTS*RDssPVMRS
4,S4,__DRTSRDSSPV,DRT,S,RDSSPV,1.1362281431954002,0.8983018069740738,74321,82735,16,15,100,MYLK4,MYLK4,STK,ST,FALSE,CAMK,RBL2_959_971_S4_0b192_O0xO,DRTS*RDssPVMRS
4,S4,__DRTSRDSSPV,DRT,S,RDSSPV,1.1376275251495966,0.8800265909228259,72809,82735,15,29,160,skMLCK,MYLK2,STK,ST,FALSE,CAMK,RBL2_959_971_S4_0b192_O0xO,DRTS*RDssPVMRS
4,S4,__DRTSRDSSPV,DRT,S,RDSSPV,1.143172931347704,0.904248504260591,74813,82735,14,13,389,CAMK2G,CAMK2G,STK,ST,FALSE,CAMK,RBL2_959_971_S4_0b192_O0xO,DRTS*RDssPVMRS
4,S4,__DRTSRDSSPV,DRT,S,RDSSPV,1.1704054047566914,0.9055055297032695,74917,82735,13,12,294,PAK1,PAK1,STK,ST,FALSE,STE,RBL2_959_971_S4_0b192_O0xO,DRTS*RDssPVMRS
4,S4,__DRTSRDSSPV,DRT,S,RDSSPV,1.2142311013445655,0.866767389859189,71712,82735,12,35,365,CAMK1B,PNCK,STK,ST,FALSE,CAMK,RBL2_959_971_S4_0b192_O0xO,DRTS*RDssPVMRS
4,S4,__DRTSRDSSPV,DRT,S,RDSSPV,1.2220003139013662,0.8695956971052154,71946,82735,11,34,341,RSK2,RPS6KA3,STK,ST,FALSE,AGC,RBL2_959_971_S4_0b192_O0xO,DRTS*RDssPVMRS
4,S4,__DRTSRDSSPV,DRT,S,RDSSPV,1.2271104813445193,0.8856952921979815,73278,82735,10,24,136,MSK1,RPS6KA5,STK,ST,FALSE,AGC,RBL2_959_971_S4_0b192_O0xO,DRTS*RDssPVMRS
4,S4,__DRTSRDSSPV,DRT,S,RDSSPV,1.2552289990282652,0.8947482927418867,74027,82735,9,19,137,MSK2,RPS6KA4,STK,ST,FALSE,AGC,RBL2_959_971_S4_0b192_O0xO,DRTS*RDssPVMRS
4,S4,__DRTSRDSSPV,DRT,S,RDSSPV,1.3653208920563775,0.718257085876594,59425,82735,8,105,357,DYRK2,DYRK2,STK,ST,FALSE,CMGC,RBL2_959_971_S4_0b192_O0xO,DRTS*RDssPVMRS
4,S4,__DRTSRDSSPV,DRT,S,RDSSPV,1.476016142538755,0.9263552305553877,76642,82735,7,4,163,AURA,AURKA,STK,ST,FALSE,Other,RBL2_959_971_S4_0b192_O0xO,DRTS*RDssPVMRS
4,S4,__DRTSRDSSPV,DRT,S,RDSSPV,1.4950298109394211,0.7390342660300961,61144,82735,6,97,353,DYRK4,DYRK4,STK,ST,FALSE,CMGC,RBL2_959_971_S4_0b192_O0xO,DRTS*RDssPVMRS
4,S4,__DRTSRDSSPV,DRT,S,RDSSPV,1.5844367987303087,0.9154529521967728,75740,82735,5,7,177,caMLCK,MYLK3,STK,ST,FALSE,CAMK,RBL2_959_971_S4_0b192_O0xO,DRTS*RDssPVMRS
4,S4,__DRTSRDSSPV,DRT,S,RDSSPV,1.6539522163051572,0.9115851816039161,75420,82735,4,8,6,PKACB,PRKACB,STK,ST,FALSE,AGC,RBL2_959_971_S4_0b192_O0xO,DRTS*RDssPVMRS
4,S4,__DRTSRDSSPV,DRT,S,RDSSPV,2.34861495631015,0.9358433552909893,77427,82735,3,3,288,PRKX,PRKX,STK,ST,FALSE,AGC,RBL2_959_971_S4_0b192_O0xO,DRTS*RDssPVMRS
4,S4,__DRTSRDSSPV,DRT,S,RDSSPV,2.3827856498744064,0.8803650208497008,72837,82735,2,28,355,DYRK3,DYRK3,STK,ST,FALSE,CMGC,RBL2_959_971_S4_0b192_O0xO,DRTS*RDssPVMRS
4,S4,__DRTSRDSSPV,DRT,S,RDSSPV,2.638439936418451,0.9827279869462743,81306,82735,1,1,65,CK1G3,CSNK1G3,STK,ST,FALSE,CK1,RBL2_959_971_S4_0b192_O0xO,DRTS*RDssPVMRS
