family,geneName,name,percentile,percentileRank,score,scoreRank,uniprotId,displayName,id,peptide_id,sequence,processed_sequence
CMGC,GSK3B,GSK3B,100,1,6.1532,1,P49841,GSK3B,STK6_283_295_S1_0b528_O0xO,STK6_283_295,S*SRRtTLCGtLDY,_______sSRRtTLC
CMGC,GSK3A,GSK3A,99.86,2,5.6951,2,P49840,GSK3A,STK6_283_295_S1_0b528_O0xO,STK6_283_295,S*SRRtTLCGtLDY,_______sSRRtTLC
TKL,MAP3K9,MLK1,99.19,3,2.6032,11,P80192,MLK1,STK6_283_295_S1_0b528_O0xO,STK6_283_295,S*SRRtTLCGtLDY,_______sSRRtTLC
Alpha,EEF2K,EEF2K,99.02,4,2.03,26,O00418,EEF2K,STK6_283_295_S1_0b528_O0xO,STK6_283_295,S*SRRtTLCGtLDY,_______sSRRtTLC
CAMK,STK33,STK33,98.93,5,1.9991,29,Q9BYT3,STK33,STK6_283_295_S1_0b528_O0xO,STK6_283_295,S*SRRtTLCGtLDY,_______sSRRtTLC
TKL,MAP3K21,MLK4,98.84,6,2.4383,14,Q5TCX8,MLK4,STK6_283_295_S1_0b528_O0xO,STK6_283_295,S*SRRtTLCGtLDY,_______sSRRtTLC
TKL,MAP3K11,MLK3,98.64,7,2.3294,16,Q16584,MLK3,STK6_283_295_S1_0b528_O0xO,STK6_283_295,S*SRRtTLCGtLDY,_______sSRRtTLC
AGC,PRKCH,PKCH,98.62,8,2.9143,8,P24723,PKCH,STK6_283_295_S1_0b528_O0xO,STK6_283_295,S*SRRtTLCGtLDY,_______sSRRtTLC
Other,NEK9,NEK9,98.49,9,1.6936,37,Q8TD19,NEK9,STK6_283_295_S1_0b528_O0xO,STK6_283_295,S*SRRtTLCGtLDY,_______sSRRtTLC
STE,SLK,SLK,98.48,10,1.4975,44,Q9H2G2,SLK,STK6_283_295_S1_0b528_O0xO,STK6_283_295,S*SRRtTLCGtLDY,_______sSRRtTLC
AGC,PRKCE,PKCE,98.43,11,3.1869,5,Q02156,PKCE,STK6_283_295_S1_0b528_O0xO,STK6_283_295,S*SRRtTLCGtLDY,_______sSRRtTLC
AGC,PRKCI,PKCI,98.33,12,2.7116,10,P41743,PKCI,STK6_283_295_S1_0b528_O0xO,STK6_283_295,S*SRRtTLCGtLDY,_______sSRRtTLC
Alpha,TRPM7,CHAK1,98.32,13,1.9015,32,Q96QT4,TRPM7,STK6_283_295_S1_0b528_O0xO,STK6_283_295,S*SRRtTLCGtLDY,_______sSRRtTLC
Other,NEK2,NEK2,98.3,14,1.9822,31,P51955,NEK2,STK6_283_295_S1_0b528_O0xO,STK6_283_295,S*SRRtTLCGtLDY,_______sSRRtTLC
AGC,PRKCB,PKCB,97.87,15,2.5631,12,P05771,PKCB,STK6_283_295_S1_0b528_O0xO,STK6_283_295,S*SRRtTLCGtLDY,_______sSRRtTLC
Other,EIF2AK1,HRI,97.48,16,1.0383,63,Q9BQI3,HRI,STK6_283_295_S1_0b528_O0xO,STK6_283_295,S*SRRtTLCGtLDY,_______sSRRtTLC
AGC,PRKCG,PKCG,97.46,17,2.4255,15,P05129,PKCG,STK6_283_295_S1_0b528_O0xO,STK6_283_295,S*SRRtTLCGtLDY,_______sSRRtTLC
CAMK,STK17A,DRAK1,97.39,18,1.5823,43,Q9UEE5,DRAK1,STK6_283_295_S1_0b528_O0xO,STK6_283_295,S*SRRtTLCGtLDY,_______sSRRtTLC
Other,WNK2,WNK2,97.2,19,2.2683,17,Q9Y3S1,WNK2,STK6_283_295_S1_0b528_O0xO,STK6_283_295,S*SRRtTLCGtLDY,_______sSRRtTLC
AGC,PRKCZ,PKCZ,97.06,20,2.2163,19,Q05513,PKCZ,STK6_283_295_S1_0b528_O0xO,STK6_283_295,S*SRRtTLCGtLDY,_______sSRRtTLC
CMGC,MAPK15,ERK7,97.05,21,3.1551,6,Q8TD08,ERK7,STK6_283_295_S1_0b528_O0xO,STK6_283_295,S*SRRtTLCGtLDY,_______sSRRtTLC
STE,STK24,MST3,97,22,1.2515,54,Q9Y6E0,MST3,STK6_283_295_S1_0b528_O0xO,STK6_283_295,S*SRRtTLCGtLDY,_______sSRRtTLC
TKL,MAP3K12,DLK,96.94,23,0.9612,69,Q12852,DLK,STK6_283_295_S1_0b528_O0xO,STK6_283_295,S*SRRtTLCGtLDY,_______sSRRtTLC
Other,EIF2AK2,PKR,96.8,24,0.7758,80,P19525,PKR,STK6_283_295_S1_0b528_O0xO,STK6_283_295,S*SRRtTLCGtLDY,_______sSRRtTLC
Other,ERN2,IRE2,96.66,25,1.3924,47,Q76MJ5,IRE2,STK6_283_295_S1_0b528_O0xO,STK6_283_295,S*SRRtTLCGtLDY,_______sSRRtTLC
AGC,PRKCA,PKCA,96.65,26,2.2576,18,P17252,PKCA,STK6_283_295_S1_0b528_O0xO,STK6_283_295,S*SRRtTLCGtLDY,_______sSRRtTLC
TKL,DSTYK,DSTYK,96.64,27,1.8701,34,Q6XUX3,DSTYK,STK6_283_295_S1_0b528_O0xO,STK6_283_295,S*SRRtTLCGtLDY,_______sSRRtTLC
Other,NEK8,NEK8,96.54,28,0.346,105,Q86SG6,NEK8,STK6_283_295_S1_0b528_O0xO,STK6_283_295,S*SRRtTLCGtLDY,_______sSRRtTLC
Other,ERN1,IRE1,96.35,29,1.2883,51,O75460,IRE1,STK6_283_295_S1_0b528_O0xO,STK6_283_295,S*SRRtTLCGtLDY,_______sSRRtTLC
AGC,PKN2,PKN2,96.34,30,2.1519,20,Q16513,PKN2,STK6_283_295_S1_0b528_O0xO,STK6_283_295,S*SRRtTLCGtLDY,_______sSRRtTLC
AGC,PRKCD,PKCD,96.29,31,2.1348,22,Q05655,PKCD,STK6_283_295_S1_0b528_O0xO,STK6_283_295,S*SRRtTLCGtLDY,_______sSRRtTLC
Other,WNK1,WNK1,96.28,32,1.988,30,Q9H4A3,WNK1,STK6_283_295_S1_0b528_O0xO,STK6_283_295,S*SRRtTLCGtLDY,_______sSRRtTLC
STE,MAP4K4,HGK,96.27,33,0.3849,103,O95819,HGK,STK6_283_295_S1_0b528_O0xO,STK6_283_295,S*SRRtTLCGtLDY,_______sSRRtTLC
Other,EIF2AK3,PERK,96.14,34,0.6771,86,Q9NZJ5,PERK,STK6_283_295_S1_0b528_O0xO,STK6_283_295,S*SRRtTLCGtLDY,_______sSRRtTLC
TKL,LRRK2,LRRK2,95.94,35,0.0447,130,Q5S007,LRRK2,STK6_283_295_S1_0b528_O0xO,STK6_283_295,S*SRRtTLCGtLDY,_______sSRRtTLC
STE,MAP3K3,MEKK3,95.94,35,0.3563,104,Q99759,MEKK3,STK6_283_295_S1_0b528_O0xO,STK6_283_295,S*SRRtTLCGtLDY,_______sSRRtTLC
STE,STK26,MST4,95.86,37,1.8118,35,Q9P289,MST4,STK6_283_295_S1_0b528_O0xO,STK6_283_295,S*SRRtTLCGtLDY,_______sSRRtTLC
Other,WNK3,WNK3,95.79,38,1.4651,45,Q9BYP7,WNK3,STK6_283_295_S1_0b528_O0xO,STK6_283_295,S*SRRtTLCGtLDY,_______sSRRtTLC
STE,MAP3K19,YSK4,95.76,39,0.6819,85,Q56UN5,YSK4,STK6_283_295_S1_0b528_O0xO,STK6_283_295,S*SRRtTLCGtLDY,_______sSRRtTLC
Other,EIF2AK4,GCN2,95.75,40,0.7994,75,Q9P2K8,GCN2,STK6_283_295_S1_0b528_O0xO,STK6_283_295,S*SRRtTLCGtLDY,_______sSRRtTLC
CMGC,SRPK2,SRPK2,95.71,41,3.5185,4,P78362,SRPK2,STK6_283_295_S1_0b528_O0xO,STK6_283_295,S*SRRtTLCGtLDY,_______sSRRtTLC
STE,STK10,LOK,95.66,42,0.4666,95,O94804,LOK,STK6_283_295_S1_0b528_O0xO,STK6_283_295,S*SRRtTLCGtLDY,_______sSRRtTLC
Other,NEK7,NEK7,95.57,43,1.0018,66,Q8TDX7,NEK7,STK6_283_295_S1_0b528_O0xO,STK6_283_295,S*SRRtTLCGtLDY,_______sSRRtTLC
CAMK,MKNK1,MNK1,95.54,44,2.0281,27,Q9BUB5,MNK1,STK6_283_295_S1_0b528_O0xO,STK6_283_295,S*SRRtTLCGtLDY,_______sSRRtTLC
STE,TAOK2,TAO2,95.49,45,0.1115,120,Q9UL54,TAO2,STK6_283_295_S1_0b528_O0xO,STK6_283_295,S*SRRtTLCGtLDY,_______sSRRtTLC
Other,ULK2,ULK2,95.45,46,0.7785,78,Q8IYT8,ULK2,STK6_283_295_S1_0b528_O0xO,STK6_283_295,S*SRRtTLCGtLDY,_______sSRRtTLC
AGC,PRKCQ,PKCT,95.14,47,1.5885,42,Q04759,PKCT,STK6_283_295_S1_0b528_O0xO,STK6_283_295,S*SRRtTLCGtLDY,_______sSRRtTLC
STE,STK25,YSK1,95.08,48,-0.2631,151,O00506,YSK1,STK6_283_295_S1_0b528_O0xO,STK6_283_295,S*SRRtTLCGtLDY,_______sSRRtTLC
STE,MAP4K3,KHS2,95,49,0.3906,101,Q8IVH8,KHS2,STK6_283_295_S1_0b528_O0xO,STK6_283_295,S*SRRtTLCGtLDY,_______sSRRtTLC
AGC,PKN1,PKN1,94.88,50,1.6267,40,Q16512,PKN1,STK6_283_295_S1_0b528_O0xO,STK6_283_295,S*SRRtTLCGtLDY,_______sSRRtTLC
Other,ULK1,ULK1,94.75,51,0.1965,115,O75385,ULK1,STK6_283_295_S1_0b528_O0xO,STK6_283_295,S*SRRtTLCGtLDY,_______sSRRtTLC
STE,MAP3K8,COT,94.53,52,1.8847,33,P41279,COT,STK6_283_295_S1_0b528_O0xO,STK6_283_295,S*SRRtTLCGtLDY,_______sSRRtTLC
CMGC,CLK3,CLK3,94.52,53,2.7303,9,P49761,CLK3,STK6_283_295_S1_0b528_O0xO,STK6_283_295,S*SRRtTLCGtLDY,_______sSRRtTLC
STE,MAP4K1,HPK1,94.38,54,0.1263,118,Q92918,HPK1,STK6_283_295_S1_0b528_O0xO,STK6_283_295,S*SRRtTLCGtLDY,_______sSRRtTLC
CMGC,SRPK3,SRPK3,94.34,55,2.9262,7,Q9UPE1,SRPK3,STK6_283_295_S1_0b528_O0xO,STK6_283_295,S*SRRtTLCGtLDY,_______sSRRtTLC
STE,MAP3K14,NIK,94.07,56,1.3519,48,Q99558,NIK,STK6_283_295_S1_0b528_O0xO,STK6_283_295,S*SRRtTLCGtLDY,_______sSRRtTLC
CK1,CSNK1G3,CK1G3,93.71,57,1.2346,55,Q9Y6M4,CK1G3,STK6_283_295_S1_0b528_O0xO,STK6_283_295,S*SRRtTLCGtLDY,_______sSRRtTLC
CAMK,PHKG2,PHKG2,93.6,58,0.7498,81,P15735,PHKG2,STK6_283_295_S1_0b528_O0xO,STK6_283_295,S*SRRtTLCGtLDY,_______sSRRtTLC
Other,CAMKK1,CAMKK1,93.54,59,-0.3036,154,Q8N5S9,CAMKK1,STK6_283_295_S1_0b528_O0xO,STK6_283_295,S*SRRtTLCGtLDY,_______sSRRtTLC
CK1,CSNK1G2,CK1G2,93.52,60,1.2171,57,P78368,CK1G2,STK6_283_295_S1_0b528_O0xO,STK6_283_295,S*SRRtTLCGtLDY,_______sSRRtTLC
TKL,RIPK4,ANKRD3,93.48,61,0.4107,99,P57078,ANKRD3,STK6_283_295_S1_0b528_O0xO,STK6_283_295,S*SRRtTLCGtLDY,_______sSRRtTLC
Other,NEK6,NEK6,93.38,62,0.9512,70,Q9HC98,NEK6,STK6_283_295_S1_0b528_O0xO,STK6_283_295,S*SRRtTLCGtLDY,_______sSRRtTLC
CAMK,PIM2,PIM2,93.29,63,2.1087,23,Q9P1W9,PIM2,STK6_283_295_S1_0b528_O0xO,STK6_283_295,S*SRRtTLCGtLDY,_______sSRRtTLC
STE,STK4,MST1,93.22,64,-0.0554,135,Q13043,MST1,STK6_283_295_S1_0b528_O0xO,STK6_283_295,S*SRRtTLCGtLDY,_______sSRRtTLC
TKL,MAP3K7,TAK1,93.08,65,-0.883,201,O43318,TAK1,STK6_283_295_S1_0b528_O0xO,STK6_283_295,S*SRRtTLCGtLDY,_______sSRRtTLC
STE,TAOK3,TAO3,92.91,66,0.4209,98,Q9H2K8,TAO3,STK6_283_295_S1_0b528_O0xO,STK6_283_295,S*SRRtTLCGtLDY,_______sSRRtTLC
Other,HASPIN,HASPIN,92.79,67,-0.1983,146,Q8TF76,HASPIN,STK6_283_295_S1_0b528_O0xO,STK6_283_295,S*SRRtTLCGtLDY,_______sSRRtTLC
CMGC,CLK2,CLK2,92.78,68,3.7108,3,P49760,CLK2,STK6_283_295_S1_0b528_O0xO,STK6_283_295,S*SRRtTLCGtLDY,_______sSRRtTLC
STE,MAP4K2,GCK,92.56,69,-0.1591,143,Q12851,GCK,STK6_283_295_S1_0b528_O0xO,STK6_283_295,S*SRRtTLCGtLDY,_______sSRRtTLC
STE,STK3,MST2,92.56,69,-0.6241,182,Q13188,MST2,STK6_283_295_S1_0b528_O0xO,STK6_283_295,S*SRRtTLCGtLDY,_______sSRRtTLC
STE,TAOK1,TAO1,92.27,71,-0.9967,207,Q7L7X3,TAO1,STK6_283_295_S1_0b528_O0xO,STK6_283_295,S*SRRtTLCGtLDY,_______sSRRtTLC
STE,MAP3K1,MEKK1,92.21,72,-0.1487,140,Q13233,MEKK1,STK6_283_295_S1_0b528_O0xO,STK6_283_295,S*SRRtTLCGtLDY,_______sSRRtTLC
STE,MINK1,MINK,92.14,73,-0.6669,189,Q8N4C8,MINK,STK6_283_295_S1_0b528_O0xO,STK6_283_295,S*SRRtTLCGtLDY,_______sSRRtTLC
STE,TNIK,TNIK,92.03,74,-0.2796,152,Q9UKE5,TNIK,STK6_283_295_S1_0b528_O0xO,STK6_283_295,S*SRRtTLCGtLDY,_______sSRRtTLC
CAMK,PIM1,PIM1,91.65,75,2.0793,24,P11309,PIM1,STK6_283_295_S1_0b528_O0xO,STK6_283_295,S*SRRtTLCGtLDY,_______sSRRtTLC
Alpha,TRPM6,CHAK2,91.58,76,0.6922,84,Q9BX84,TRPM6,STK6_283_295_S1_0b528_O0xO,STK6_283_295,S*SRRtTLCGtLDY,_______sSRRtTLC
CK1,TTBK2,TTBK2,91.55,77,0.5304,92,Q6IQ55,TTBK2,STK6_283_295_S1_0b528_O0xO,STK6_283_295,S*SRRtTLCGtLDY,_______sSRRtTLC
CAMK,NUAK2,NUAK2,91.47,78,1.4396,46,Q9H093,NUAK2,STK6_283_295_S1_0b528_O0xO,STK6_283_295,S*SRRtTLCGtLDY,_______sSRRtTLC
STE,OXSR1,OSR1,91.32,79,-1.0291,209,O95747,OSR1,STK6_283_295_S1_0b528_O0xO,STK6_283_295,S*SRRtTLCGtLDY,_______sSRRtTLC
CAMK,CAMK1G,CAMK1G,91.31,80,1.0466,62,Q96NX5,CAMK1G,STK6_283_295_S1_0b528_O0xO,STK6_283_295,S*SRRtTLCGtLDY,_______sSRRtTLC
STE,MAP2K5,MEK5,91.26,81,-0.6294,184,Q13163,MEK5,STK6_283_295_S1_0b528_O0xO,STK6_283_295,S*SRRtTLCGtLDY,_______sSRRtTLC
CAMK,PHKG1,PHKG1,91.18,82,0.5906,90,Q16816,PHKG1,STK6_283_295_S1_0b528_O0xO,STK6_283_295,S*SRRtTLCGtLDY,_______sSRRtTLC
AGC,RPS6KA3,RSK2,91.08,83,2.0302,25,P51812,RSK2,STK6_283_295_S1_0b528_O0xO,STK6_283_295,S*SRRtTLCGtLDY,_______sSRRtTLC
CAMK,PIM3,PIM3,90.83,84,1.6371,39,Q86V86,PIM3,STK6_283_295_S1_0b528_O0xO,STK6_283_295,S*SRRtTLCGtLDY,_______sSRRtTLC
TKL,MAP3K20,ZAK,90.63,85,-0.3595,160,Q9NYL2,ZAK,STK6_283_295_S1_0b528_O0xO,STK6_283_295,S*SRRtTLCGtLDY,_______sSRRtTLC
AGC,RPS6KB1,P70S6K,90.58,86,1.1636,59,P23443,S6K1,STK6_283_295_S1_0b528_O0xO,STK6_283_295,S*SRRtTLCGtLDY,_______sSRRtTLC
AGC,AKT3,AKT3,90.57,87,1.1024,60,Q9Y243,AKT3,STK6_283_295_S1_0b528_O0xO,STK6_283_295,S*SRRtTLCGtLDY,_______sSRRtTLC
TKL,MAP3K10,MLK2,90.51,88,0.451,96,Q02779,MLK2,STK6_283_295_S1_0b528_O0xO,STK6_283_295,S*SRRtTLCGtLDY,_______sSRRtTLC
STE,MAP3K2,MEKK2,90.5,89,-0.3707,163,Q9Y2U5,MEKK2,STK6_283_295_S1_0b528_O0xO,STK6_283_295,S*SRRtTLCGtLDY,_______sSRRtTLC
AGC,RPS6KA6,RSK4,90.4,90,1.598,41,Q9UK32,RSK4,STK6_283_295_S1_0b528_O0xO,STK6_283_295,S*SRRtTLCGtLDY,_______sSRRtTLC
AGC,STK32B,YANK2,90.3,91,0.2141,114,Q9NY57,YANK2,STK6_283_295_S1_0b528_O0xO,STK6_283_295,S*SRRtTLCGtLDY,_______sSRRtTLC
AGC,AKT1,AKT1,90.14,92,1.2202,56,P31749,AKT1,STK6_283_295_S1_0b528_O0xO,STK6_283_295,S*SRRtTLCGtLDY,_______sSRRtTLC
Other,WNK4,WNK4,90.1,93,0.4089,100,Q96J92,WNK4,STK6_283_295_S1_0b528_O0xO,STK6_283_295,S*SRRtTLCGtLDY,_______sSRRtTLC
CMGC,SRPK1,SRPK1,89.9,94,2.4884,13,Q96SB4,SRPK1,STK6_283_295_S1_0b528_O0xO,STK6_283_295,S*SRRtTLCGtLDY,_______sSRRtTLC
STE,MYO3B,MYO3B,89.85,95,-1.3618,230,Q8WXR4,MYO3B,STK6_283_295_S1_0b528_O0xO,STK6_283_295,S*SRRtTLCGtLDY,_______sSRRtTLC
AGC,PRKX,PRKX,89.51,96,1.1794,58,P51817,PRKX,STK6_283_295_S1_0b528_O0xO,STK6_283_295,S*SRRtTLCGtLDY,_______sSRRtTLC
CMGC,CLK1,CLK1,89.29,97,2.149,21,P49759,CLK1,STK6_283_295_S1_0b528_O0xO,STK6_283_295,S*SRRtTLCGtLDY,_______sSRRtTLC
CAMK,CHEK2,CHK2,88.88,98,0.8066,74,O96017,CHK2,STK6_283_295_S1_0b528_O0xO,STK6_283_295,S*SRRtTLCGtLDY,_______sSRRtTLC
AGC,PRKG2,PKG2,88.86,99,0.7413,82,Q13237,PKG2,STK6_283_295_S1_0b528_O0xO,STK6_283_295,S*SRRtTLCGtLDY,_______sSRRtTLC
AGC,AKT2,AKT2,88.58,100,1.2743,52,P31751,AKT2,STK6_283_295_S1_0b528_O0xO,STK6_283_295,S*SRRtTLCGtLDY,_______sSRRtTLC
STE,MAP4K5,KHS1,88.42,101,-0.7239,191,Q9Y4K4,KHS1,STK6_283_295_S1_0b528_O0xO,STK6_283_295,S*SRRtTLCGtLDY,_______sSRRtTLC
TKL,RIPK2,RIPK2,88.4,102,-1.3338,226,O43353,RIPK2,STK6_283_295_S1_0b528_O0xO,STK6_283_295,S*SRRtTLCGtLDY,_______sSRRtTLC
Other,PLK1,PLK1,88.38,103,0.5113,94,P53350,PLK1,STK6_283_295_S1_0b528_O0xO,STK6_283_295,S*SRRtTLCGtLDY,_______sSRRtTLC
AGC,STK32C,YANK3,88.36,104,0.7856,77,Q86UX6,YANK3,STK6_283_295_S1_0b528_O0xO,STK6_283_295,S*SRRtTLCGtLDY,_______sSRRtTLC
AGC,ROCK1,ROCK1,88.25,105,-0.3456,157,Q13464,ROCK1,STK6_283_295_S1_0b528_O0xO,STK6_283_295,S*SRRtTLCGtLDY,_______sSRRtTLC
CK1,CSNK1G1,CK1G1,88.17,106,0.246,111,Q9HCP0,CK1G1,STK6_283_295_S1_0b528_O0xO,STK6_283_295,S*SRRtTLCGtLDY,_______sSRRtTLC
Other,NEK1,NEK1,87.97,107,-1.0529,210,Q96PY6,NEK1,STK6_283_295_S1_0b528_O0xO,STK6_283_295,S*SRRtTLCGtLDY,_______sSRRtTLC
STE,MYO3A,MYO3A,87.74,108,-1.9401,260,Q8NEV4,MYO3A,STK6_283_295_S1_0b528_O0xO,STK6_283_295,S*SRRtTLCGtLDY,_______sSRRtTLC
AGC,RPS6KA2,RSK3,87.67,109,0.9849,68,Q15349,RSK3,STK6_283_295_S1_0b528_O0xO,STK6_283_295,S*SRRtTLCGtLDY,_______sSRRtTLC
Other,CHUK,IKKA,87.64,110,0.2689,109,O15111,IKKA,STK6_283_295_S1_0b528_O0xO,STK6_283_295,S*SRRtTLCGtLDY,_______sSRRtTLC
AGC,PRKACB,PKACB,87.45,111,0.7955,76,P22694,PKACB,STK6_283_295_S1_0b528_O0xO,STK6_283_295,S*SRRtTLCGtLDY,_______sSRRtTLC
Other,NEK5,NEK5,87.38,112,-0.4208,168,Q6P3R8,NEK5,STK6_283_295_S1_0b528_O0xO,STK6_283_295,S*SRRtTLCGtLDY,_______sSRRtTLC
CK1,TTBK1,TTBK1,87.34,113,-0.5373,177,Q5TCY1,TTBK1,STK6_283_295_S1_0b528_O0xO,STK6_283_295,S*SRRtTLCGtLDY,_______sSRRtTLC
Other,CAMKK2,CAMKK2,87.17,114,-1.5542,243,Q96RR4,CAMKK2,STK6_283_295_S1_0b528_O0xO,STK6_283_295,S*SRRtTLCGtLDY,_______sSRRtTLC
TKL,RIPK1,RIPK1,87.03,115,0.2147,113,Q13546,RIPK1,STK6_283_295_S1_0b528_O0xO,STK6_283_295,S*SRRtTLCGtLDY,_______sSRRtTLC
AGC,PRKACA,PKACA,86.95,116,0.5139,93,P17612,PKACA,STK6_283_295_S1_0b528_O0xO,STK6_283_295,S*SRRtTLCGtLDY,_______sSRRtTLC
AGC,RPS6KB2,P70S6KB,86.87,117,1.0198,64,Q9UBS0,S6K2,STK6_283_295_S1_0b528_O0xO,STK6_283_295,S*SRRtTLCGtLDY,_______sSRRtTLC
AGC,CDC42BPB,MRCKB,86.84,118,0.09,124,Q9Y5S2,MRCKB,STK6_283_295_S1_0b528_O0xO,STK6_283_295,S*SRRtTLCGtLDY,_______sSRRtTLC
AGC,SGK1,SGK1,86.83,119,0.9468,71,O00141,SGK1,STK6_283_295_S1_0b528_O0xO,STK6_283_295,S*SRRtTLCGtLDY,_______sSRRtTLC
AGC,RPS6KA1,P90RSK,86.8,120,1.0583,61,Q15418,RSK1,STK6_283_295_S1_0b528_O0xO,STK6_283_295,S*SRRtTLCGtLDY,_______sSRRtTLC
AGC,PRKACG,PKACG,86.77,121,0.6266,89,P22612,PKACG,STK6_283_295_S1_0b528_O0xO,STK6_283_295,S*SRRtTLCGtLDY,_______sSRRtTLC
TKL,IRAK4,IRAK4,86.51,122,-0.0162,132,Q9NWZ3,IRAK4,STK6_283_295_S1_0b528_O0xO,STK6_283_295,S*SRRtTLCGtLDY,_______sSRRtTLC
CAMK,MAPKAPK5,MAPKAPK5,86.02,123,-0.1585,142,Q8IW41,MAPKAPK5,STK6_283_295_S1_0b528_O0xO,STK6_283_295,S*SRRtTLCGtLDY,_______sSRRtTLC
CAMK,CAMK2A,CAMK2A,85.92,124,1.314,50,Q9UQM7,CAMK2A,STK6_283_295_S1_0b528_O0xO,STK6_283_295,S*SRRtTLCGtLDY,_______sSRRtTLC
Other,AURKC,AURC,85.85,125,0.1603,116,Q9UQB9,AURC,STK6_283_295_S1_0b528_O0xO,STK6_283_295,S*SRRtTLCGtLDY,_______sSRRtTLC
Other,AURKB,AURB,85.82,126,-0.0745,136,Q96GD4,AURB,STK6_283_295_S1_0b528_O0xO,STK6_283_295,S*SRRtTLCGtLDY,_______sSRRtTLC
CMGC,CLK4,CLK4,85.77,127,1.6746,38,Q9HAZ1,CLK4,STK6_283_295_S1_0b528_O0xO,STK6_283_295,S*SRRtTLCGtLDY,_______sSRRtTLC
AGC,SGK3,SGK3,85.61,128,0.6444,88,Q96BR1,SGK3,STK6_283_295_S1_0b528_O0xO,STK6_283_295,S*SRRtTLCGtLDY,_______sSRRtTLC
CMGC,CDKL2,CDKL2,85.6,129,1.3208,49,Q92772,CDKL2,STK6_283_295_S1_0b528_O0xO,STK6_283_295,S*SRRtTLCGtLDY,_______sSRRtTLC
CAMK,MYLK,SMMLCK,85.23,130,-0.1704,145,Q15746,smMLCK,STK6_283_295_S1_0b528_O0xO,STK6_283_295,S*SRRtTLCGtLDY,_______sSRRtTLC
CAMK,MYLK4,MYLK4,85.01,131,0.284,108,Q86YV6,MYLK4,STK6_283_295_S1_0b528_O0xO,STK6_283_295,S*SRRtTLCGtLDY,_______sSRRtTLC
CAMK,CAMK4,CAMK4,84.98,132,0.0789,127,Q16566,CAMK4,STK6_283_295_S1_0b528_O0xO,STK6_283_295,S*SRRtTLCGtLDY,_______sSRRtTLC
CAMK,MKNK2,MNK2,84.95,133,0.4251,97,Q9HBH9,MNK2,STK6_283_295_S1_0b528_O0xO,STK6_283_295,S*SRRtTLCGtLDY,_______sSRRtTLC
CMGC,CDK10,CDK10,84.74,134,2.0065,28,Q15131,CDK10,STK6_283_295_S1_0b528_O0xO,STK6_283_295,S*SRRtTLCGtLDY,_______sSRRtTLC
AGC,GRK6,GRK6,84.66,135,0.8399,73,P43250,GRK6,STK6_283_295_S1_0b528_O0xO,STK6_283_295,S*SRRtTLCGtLDY,_______sSRRtTLC
TKL,TGFBR2,TGFBR2,84.47,136,-0.2527,150,P37173,TGFBR2,STK6_283_295_S1_0b528_O0xO,STK6_283_295,S*SRRtTLCGtLDY,_______sSRRtTLC
TKL,RIPK3,RIPK3,84.28,137,-0.3235,155,Q9Y572,RIPK3,STK6_283_295_S1_0b528_O0xO,STK6_283_295,S*SRRtTLCGtLDY,_______sSRRtTLC
AGC,RPS6KA4,MSK2,84.13,138,0.1074,121,O75676,MSK2,STK6_283_295_S1_0b528_O0xO,STK6_283_295,S*SRRtTLCGtLDY,_______sSRRtTLC
Other,NEK4,NEK4,84.07,139,-1.0984,211,P51957,NEK4,STK6_283_295_S1_0b528_O0xO,STK6_283_295,S*SRRtTLCGtLDY,_______sSRRtTLC
CAMK,CAMK1,CAMK1A,83.9,140,-0.3609,161,Q14012,CAMK1A,STK6_283_295_S1_0b528_O0xO,STK6_283_295,S*SRRtTLCGtLDY,_______sSRRtTLC
CMGC,CDKL1,CDKL1,83.45,141,1.2615,53,Q00532,CDKL1,STK6_283_295_S1_0b528_O0xO,STK6_283_295,S*SRRtTLCGtLDY,_______sSRRtTLC
AGC,CDC42BPA,MRCKA,83.33,142,-0.4535,170,Q5VT25,MRCKA,STK6_283_295_S1_0b528_O0xO,STK6_283_295,S*SRRtTLCGtLDY,_______sSRRtTLC
CAMK,SNRK,SNRK,83.02,143,-1.2345,218,Q9NRH2,SNRK,STK6_283_295_S1_0b528_O0xO,STK6_283_295,S*SRRtTLCGtLDY,_______sSRRtTLC
CAMK,DAPK1,DAPK1,82.93,144,-0.3731,164,P53355,DAPK1,STK6_283_295_S1_0b528_O0xO,STK6_283_295,S*SRRtTLCGtLDY,_______sSRRtTLC
AGC,DMPK,DMPK1,82.86,145,-1.1364,212,Q09013,DMPK1,STK6_283_295_S1_0b528_O0xO,STK6_283_295,S*SRRtTLCGtLDY,_______sSRRtTLC
CAMK,PASK,PASK,82.62,146,-0.241,149,Q96RG2,PASK,STK6_283_295_S1_0b528_O0xO,STK6_283_295,S*SRRtTLCGtLDY,_______sSRRtTLC
CK1,CSNK1A1,CK1A,82.61,147,-0.0545,134,P48729,CK1A,STK6_283_295_S1_0b528_O0xO,STK6_283_295,S*SRRtTLCGtLDY,_______sSRRtTLC
AGC,STK38,NDR1,82.42,148,0.0791,126,Q15208,NDR1,STK6_283_295_S1_0b528_O0xO,STK6_283_295,S*SRRtTLCGtLDY,_______sSRRtTLC
CAMK,MAPKAPK3,MAPKAPK3,82.42,148,0.341,106,Q16644,MAPKAPK3,STK6_283_295_S1_0b528_O0xO,STK6_283_295,S*SRRtTLCGtLDY,_______sSRRtTLC
CAMK,CAMK2G,CAMK2G,82.22,150,0.39,102,Q13555,CAMK2G,STK6_283_295_S1_0b528_O0xO,STK6_283_295,S*SRRtTLCGtLDY,_______sSRRtTLC
STE,PAK1,PAK1,82.03,151,-0.1109,137,Q13153,PAK1,STK6_283_295_S1_0b528_O0xO,STK6_283_295,S*SRRtTLCGtLDY,_______sSRRtTLC
CK1,VRK2,VRK2,81.97,152,-1.323,224,Q86Y07,VRK2,STK6_283_295_S1_0b528_O0xO,STK6_283_295,S*SRRtTLCGtLDY,_______sSRRtTLC
PDHK,BCKDK,BCKDK,81.65,153,-0.8306,194,O14874,BCKDK,STK6_283_295_S1_0b528_O0xO,STK6_283_295,S*SRRtTLCGtLDY,_______sSRRtTLC
TKL,BMPR2,BMPR2,81.58,154,0.1172,119,Q13873,BMPR2,STK6_283_295_S1_0b528_O0xO,STK6_283_295,S*SRRtTLCGtLDY,_______sSRRtTLC
STE,MAP3K6,MEKK6,81.51,155,-2.3925,278,O95382,ASK2,STK6_283_295_S1_0b528_O0xO,STK6_283_295,S*SRRtTLCGtLDY,_______sSRRtTLC
CAMK,SIK2,QIK,81.35,156,-0.4872,175,Q9H0K1,QIK,STK6_283_295_S1_0b528_O0xO,STK6_283_295,S*SRRtTLCGtLDY,_______sSRRtTLC
CAMK,MELK,MELK,81.3,157,-0.1399,139,Q14680,MELK,STK6_283_295_S1_0b528_O0xO,STK6_283_295,S*SRRtTLCGtLDY,_______sSRRtTLC
Other,AURKA,AURA,81.29,158,-0.8772,199,O14965,AURA,STK6_283_295_S1_0b528_O0xO,STK6_283_295,S*SRRtTLCGtLDY,_______sSRRtTLC
AGC,ROCK2,ROCK2,81.2,159,-0.9942,206,O75116,ROCK2,STK6_283_295_S1_0b528_O0xO,STK6_283_295,S*SRRtTLCGtLDY,_______sSRRtTLC
Other,PINK1,PINK1,81.07,160,0.1305,117,Q9BXM7,PINK1,STK6_283_295_S1_0b528_O0xO,STK6_283_295,S*SRRtTLCGtLDY,_______sSRRtTLC
STE,PAK6,PAK6,80.98,161,-0.8051,193,Q9NQU5,PAK6,STK6_283_295_S1_0b528_O0xO,STK6_283_295,S*SRRtTLCGtLDY,_______sSRRtTLC
AGC,RPS6KA5,MSK1,80.89,162,-0.1661,144,O75582,MSK1,STK6_283_295_S1_0b528_O0xO,STK6_283_295,S*SRRtTLCGtLDY,_______sSRRtTLC
PIKK,MTOR,MTOR,80.69,163,0.7394,83,P42345,MTOR,STK6_283_295_S1_0b528_O0xO,STK6_283_295,S*SRRtTLCGtLDY,_______sSRRtTLC
TKL,ACVRL1,ALK1,80.51,164,0.0471,129,P37023,ALK1,STK6_283_295_S1_0b528_O0xO,STK6_283_295,S*SRRtTLCGtLDY,_______sSRRtTLC
STE,PAK3,PAK3,80.39,165,-0.4049,165,O75914,PAK3,STK6_283_295_S1_0b528_O0xO,STK6_283_295,S*SRRtTLCGtLDY,_______sSRRtTLC
CAMK,MYLK2,SKMLCK,80.23,166,-0.6374,185,Q9H1R3,skMLCK,STK6_283_295_S1_0b528_O0xO,STK6_283_295,S*SRRtTLCGtLDY,_______sSRRtTLC
PIKK,SMG1,SMG1,80.13,167,-0.8523,196,Q96Q15,SMG1,STK6_283_295_S1_0b528_O0xO,STK6_283_295,S*SRRtTLCGtLDY,_______sSRRtTLC
AGC,GRK2,GRK2,80.03,168,0.2586,110,P25098,GRK2,STK6_283_295_S1_0b528_O0xO,STK6_283_295,S*SRRtTLCGtLDY,_______sSRRtTLC
AGC,PRKG1,PKG1,80,169,-2.1518,270,Q13976,PKG1,STK6_283_295_S1_0b528_O0xO,STK6_283_295,S*SRRtTLCGtLDY,_______sSRRtTLC
CMGC,CDKL5,CDKL5,79.26,170,0.7773,79,O76039,CDKL5,STK6_283_295_S1_0b528_O0xO,STK6_283_295,S*SRRtTLCGtLDY,_______sSRRtTLC
STE,PAK5,PAK5,79.03,171,-1.6339,250,Q9P286,PAK5,STK6_283_295_S1_0b528_O0xO,STK6_283_295,S*SRRtTLCGtLDY,_______sSRRtTLC
AGC,CIT,CRIK,78.92,172,-1.4763,236,O14578,CITRON,STK6_283_295_S1_0b528_O0xO,STK6_283_295,S*SRRtTLCGtLDY,_______sSRRtTLC
CAMK,DCLK2,DCAMKL2,78.75,173,-0.5863,180,Q8N568,DCAMKL2,STK6_283_295_S1_0b528_O0xO,STK6_283_295,S*SRRtTLCGtLDY,_______sSRRtTLC
CAMK,CAMK1D,CAMK1D,78.34,174,-0.6415,186,Q8IU85,CAMK1D,STK6_283_295_S1_0b528_O0xO,STK6_283_295,S*SRRtTLCGtLDY,_______sSRRtTLC
AGC,GRK1,GRK1,78.04,175,0.0893,125,Q15835,GRK1,STK6_283_295_S1_0b528_O0xO,STK6_283_295,S*SRRtTLCGtLDY,_______sSRRtTLC
CAMK,DAPK3,DAPK3,78.02,176,-1.2105,216,O43293,DAPK3,STK6_283_295_S1_0b528_O0xO,STK6_283_295,S*SRRtTLCGtLDY,_______sSRRtTLC
Other,BUB1,BUB1,77.98,177,-1.1754,214,O43683,BUB1,STK6_283_295_S1_0b528_O0xO,STK6_283_295,S*SRRtTLCGtLDY,_______sSRRtTLC
CK1,CSNK1A1L,CK1A2,77.78,178,0.2426,112,Q8N752,CK1A2,STK6_283_295_S1_0b528_O0xO,STK6_283_295,S*SRRtTLCGtLDY,_______sSRRtTLC
CAMK,DCLK1,DCAMKL1,77.76,179,-0.1241,138,O15075,DCAMKL1,STK6_283_295_S1_0b528_O0xO,STK6_283_295,S*SRRtTLCGtLDY,_______sSRRtTLC
CAMK,PRKD3,PRKD3,77.68,180,-0.3503,159,O94806,PKD3,STK6_283_295_S1_0b528_O0xO,STK6_283_295,S*SRRtTLCGtLDY,_______sSRRtTLC
STE,PAK4,PAK4,77.6,181,-2.0684,269,O96013,PAK4,STK6_283_295_S1_0b528_O0xO,STK6_283_295,S*SRRtTLCGtLDY,_______sSRRtTLC
AGC,GRK3,GRK3,77.36,182,0.1067,122,P35626,GRK3,STK6_283_295_S1_0b528_O0xO,STK6_283_295,S*SRRtTLCGtLDY,_______sSRRtTLC
CAMK,NUAK1,NUAK1,77.33,183,-0.9475,203,O60285,NUAK1,STK6_283_295_S1_0b528_O0xO,STK6_283_295,S*SRRtTLCGtLDY,_______sSRRtTLC
Other,ULK3,ULK3,76.83,184,-1.5356,239,Q6PHR2,ULK3,STK6_283_295_S1_0b528_O0xO,STK6_283_295,S*SRRtTLCGtLDY,_______sSRRtTLC
STE,PAK2,PAK2,76.77,185,-0.9641,205,Q13177,PAK2,STK6_283_295_S1_0b528_O0xO,STK6_283_295,S*SRRtTLCGtLDY,_______sSRRtTLC
CK1,VRK1,VRK1,76.42,186,-2.4863,280,Q99986,VRK1,STK6_283_295_S1_0b528_O0xO,STK6_283_295,S*SRRtTLCGtLDY,_______sSRRtTLC
CAMK,HUNK,HUNK,75.65,187,-1.2601,220,P57058,HUNK,STK6_283_295_S1_0b528_O0xO,STK6_283_295,S*SRRtTLCGtLDY,_______sSRRtTLC
Other,PLK3,PLK3,75.63,188,-0.502,176,Q9H4B4,PLK3,STK6_283_295_S1_0b528_O0xO,STK6_283_295,S*SRRtTLCGtLDY,_______sSRRtTLC
AGC,GRK7,GRK7,75.61,189,-1.1581,213,Q8WTQ7,GRK7,STK6_283_295_S1_0b528_O0xO,STK6_283_295,S*SRRtTLCGtLDY,_______sSRRtTLC
Other,GAK,GAK,75.44,190,-1.7891,254,O14976,GAK,STK6_283_295_S1_0b528_O0xO,STK6_283_295,S*SRRtTLCGtLDY,_______sSRRtTLC
FAM20,FAM20C,FAM20C,75.1,191,-1.4986,238,Q8IXL6,FAM20C,STK6_283_295_S1_0b528_O0xO,STK6_283_295,S*SRRtTLCGtLDY,_______sSRRtTLC
CAMK,MAPKAPK2,MAPKAPK2,75.06,192,-0.3609,161,P49137,MAPKAPK2,STK6_283_295_S1_0b528_O0xO,STK6_283_295,S*SRRtTLCGtLDY,_______sSRRtTLC
Other,TTK,TTK,75,193,-3.0413,299,P33981,TTK,STK6_283_295_S1_0b528_O0xO,STK6_283_295,S*SRRtTLCGtLDY,_______sSRRtTLC
CMGC,CDK13,CDK13,74.82,194,1.7702,36,Q14004,CDK13,STK6_283_295_S1_0b528_O0xO,STK6_283_295,S*SRRtTLCGtLDY,_______sSRRtTLC
AGC,GRK4,GRK4,74.79,195,-0.2154,148,P32298,GRK4,STK6_283_295_S1_0b528_O0xO,STK6_283_295,S*SRRtTLCGtLDY,_______sSRRtTLC
CAMK,SIK1,SIK,74.63,196,-1.2873000000000001,222,P57059,SIK,STK6_283_295_S1_0b528_O0xO,STK6_283_295,S*SRRtTLCGtLDY,_______sSRRtTLC
TKL,ACVR2A,ACVR2A,74.6,197,-0.5699,178,P27037,ACVR2A,STK6_283_295_S1_0b528_O0xO,STK6_283_295,S*SRRtTLCGtLDY,_______sSRRtTLC
CAMK,PRKD2,PRKD2,74.43,198,-0.485,174,Q9BZL6,PKD2,STK6_283_295_S1_0b528_O0xO,STK6_283_295,S*SRRtTLCGtLDY,_______sSRRtTLC
TKL,ACVR2B,ACVR2B,73.89,199,-0.6249,183,Q13705,ACVR2B,STK6_283_295_S1_0b528_O0xO,STK6_283_295,S*SRRtTLCGtLDY,_______sSRRtTLC
Other,SBK1,SBK,73.79,200,-0.8595,198,Q52WX2,SBK,STK6_283_295_S1_0b528_O0xO,STK6_283_295,S*SRRtTLCGtLDY,_______sSRRtTLC
CAMK,MYLK3,CAMLCK,73.78,201,-0.2152,147,Q32MK0,caMLCK,STK6_283_295_S1_0b528_O0xO,STK6_283_295,S*SRRtTLCGtLDY,_______sSRRtTLC
CMGC,CDK9,CDK9,73.73,202,0.856,72,P50750,CDK9,STK6_283_295_S1_0b528_O0xO,STK6_283_295,S*SRRtTLCGtLDY,_______sSRRtTLC
Other,NEK11,NEK11,73.35,203,-1.8111,255,Q8NG66,NEK11,STK6_283_295_S1_0b528_O0xO,STK6_283_295,S*SRRtTLCGtLDY,_______sSRRtTLC
CK1,CSNK1E,CK1E,73.32,204,-0.1532,141,P49674,CK1E,STK6_283_295_S1_0b528_O0xO,STK6_283_295,S*SRRtTLCGtLDY,_______sSRRtTLC
CAMK,TSSK3,TSSK3,72.95,205,-1.2519,219,Q96PN8,TSSK3,STK6_283_295_S1_0b528_O0xO,STK6_283_295,S*SRRtTLCGtLDY,_______sSRRtTLC
CMGC,CDK12,CDK12,72.78,206,0.9928,67,Q9NYV4,CDK12,STK6_283_295_S1_0b528_O0xO,STK6_283_295,S*SRRtTLCGtLDY,_______sSRRtTLC
CAMK,PNCK,CAMK1B,72.75,207,0.0553,128,Q6P2M8,CAMK1B,STK6_283_295_S1_0b528_O0xO,STK6_283_295,S*SRRtTLCGtLDY,_______sSRRtTLC
CAMK,CAMK2D,CAMK2D,72.24,208,-0.41,166,Q13557,CAMK2D,STK6_283_295_S1_0b528_O0xO,STK6_283_295,S*SRRtTLCGtLDY,_______sSRRtTLC
TKL,IRAK1,IRAK1,71.93,209,-1.8537,257,P51617,IRAK1,STK6_283_295_S1_0b528_O0xO,STK6_283_295,S*SRRtTLCGtLDY,_______sSRRtTLC
CMGC,CDK6,CDK6,71.81,210,0.6647,87,Q00534,CDK6,STK6_283_295_S1_0b528_O0xO,STK6_283_295,S*SRRtTLCGtLDY,_______sSRRtTLC
CAMK,DAPK2,DAPK2,71.63,211,-0.301,153,Q9UIK4,DAPK2,STK6_283_295_S1_0b528_O0xO,STK6_283_295,S*SRRtTLCGtLDY,_______sSRRtTLC
Other,IKBKB,IKKB,71.49,212,-0.4155,167,O14920,IKKB,STK6_283_295_S1_0b528_O0xO,STK6_283_295,S*SRRtTLCGtLDY,_______sSRRtTLC
TKL,ACVR1,ALK2,71.16,213,-0.9512,204,Q04771,ALK2,STK6_283_295_S1_0b528_O0xO,STK6_283_295,S*SRRtTLCGtLDY,_______sSRRtTLC
AGC,PKN3,PKN3,70.71,214,0.0246,131,Q6P5Z2,PKN3,STK6_283_295_S1_0b528_O0xO,STK6_283_295,S*SRRtTLCGtLDY,_______sSRRtTLC
CMGC,NLK,NLK,70.59,215,1.0022,65,Q9UBE8,NLK,STK6_283_295_S1_0b528_O0xO,STK6_283_295,S*SRRtTLCGtLDY,_______sSRRtTLC
CMGC,CDK4,CDK4,70.58,216,0.2843,107,P11802,CDK4,STK6_283_295_S1_0b528_O0xO,STK6_283_295,S*SRRtTLCGtLDY,_______sSRRtTLC
Other,PLK2,PLK2,70.56,217,-1.3538,228,Q9NYY3,PLK2,STK6_283_295_S1_0b528_O0xO,STK6_283_295,S*SRRtTLCGtLDY,_______sSRRtTLC
CAMK,TSSK4,TSSK4,69.91,218,-0.6209,181,Q6SA08,TSSK4,STK6_283_295_S1_0b528_O0xO,STK6_283_295,S*SRRtTLCGtLDY,_______sSRRtTLC
PDHK,PDK1,PDHK1,69.81,219,-0.6536,188,Q15118,PDHK1,STK6_283_295_S1_0b528_O0xO,STK6_283_295,S*SRRtTLCGtLDY,_______sSRRtTLC
PDHK,PDK4,PDHK4,69.74,220,-0.3482,158,Q16654,PDHK4,STK6_283_295_S1_0b528_O0xO,STK6_283_295,S*SRRtTLCGtLDY,_______sSRRtTLC
Other,TLK1,TLK1,69.42,221,-1.5707,245,Q9UKI8,TLK1,STK6_283_295_S1_0b528_O0xO,STK6_283_295,S*SRRtTLCGtLDY,_______sSRRtTLC
CAMK,PRKAA2,AMPKA2,69.41,222,-1.01,208,P54646,AMPKA2,STK6_283_295_S1_0b528_O0xO,STK6_283_295,S*SRRtTLCGtLDY,_______sSRRtTLC
Other,CSNK2A1,CK2A1,69.34,223,-2.4999,282,P68400,CK2A1,STK6_283_295_S1_0b528_O0xO,STK6_283_295,S*SRRtTLCGtLDY,_______sSRRtTLC
CMGC,CDK15,CDK15,69.18,224,0.5357,91,Q96Q40,CDK15,STK6_283_295_S1_0b528_O0xO,STK6_283_295,S*SRRtTLCGtLDY,_______sSRRtTLC
TKL,RAF1,RAF1,68.92,225,-0.4747,173,P04049,RAF1,STK6_283_295_S1_0b528_O0xO,STK6_283_295,S*SRRtTLCGtLDY,_______sSRRtTLC
CAMK,NIM1K,NIM1,68.29,226,-1.334,227,Q8IY84,NIM1,STK6_283_295_S1_0b528_O0xO,STK6_283_295,S*SRRtTLCGtLDY,_______sSRRtTLC
CK1,CSNK1D,CK1D,67.91,227,-1.2019,215,P48730,CK1D,STK6_283_295_S1_0b528_O0xO,STK6_283_295,S*SRRtTLCGtLDY,_______sSRRtTLC
AGC,GRK5,GRK5,66.85,228,-0.5753,179,P34947,GRK5,STK6_283_295_S1_0b528_O0xO,STK6_283_295,S*SRRtTLCGtLDY,_______sSRRtTLC
CMGC,CDK1,CDK1,66.21,229,0.1001,123,P06493,CDK1,STK6_283_295_S1_0b528_O0xO,STK6_283_295,S*SRRtTLCGtLDY,_______sSRRtTLC
PIKK,ATR,ATR,66.06,230,-0.3244,156,Q13535,ATR,STK6_283_295_S1_0b528_O0xO,STK6_283_295,S*SRRtTLCGtLDY,_______sSRRtTLC
CMGC,CDK2,CDK2,65.98,231,-0.4736,172,P24941,CDK2,STK6_283_295_S1_0b528_O0xO,STK6_283_295,S*SRRtTLCGtLDY,_______sSRRtTLC
Other,TP53RK,PRPK,65.81,232,-0.0364,133,Q96S44,PRPK,STK6_283_295_S1_0b528_O0xO,STK6_283_295,S*SRRtTLCGtLDY,_______sSRRtTLC
Other,CSNK2A2,CK2A2,65.28,233,-2.8145,292,P19784,CK2A2,STK6_283_295_S1_0b528_O0xO,STK6_283_295,S*SRRtTLCGtLDY,_______sSRRtTLC
CMGC,CDK5,CDK5,64.78,234,-0.4289,169,Q00535,CDK5,STK6_283_295_S1_0b528_O0xO,STK6_283_295,S*SRRtTLCGtLDY,_______sSRRtTLC
CAMK,CAMK2B,CAMK2B,64.2,235,-0.8563,197,Q13554,CAMK2B,STK6_283_295_S1_0b528_O0xO,STK6_283_295,S*SRRtTLCGtLDY,_______sSRRtTLC
Other,NEK3,NEK3,64.12,236,-2.6086,284,P51956,NEK3,STK6_283_295_S1_0b528_O0xO,STK6_283_295,S*SRRtTLCGtLDY,_______sSRRtTLC
CMGC,CDK3,CDK3,64,237,-1.4731,234,Q00526,CDK3,STK6_283_295_S1_0b528_O0xO,STK6_283_295,S*SRRtTLCGtLDY,_______sSRRtTLC
TKL,BMPR1B,BMPR1B,63.97,238,-0.9248,202,O00238,BMPR1B,STK6_283_295_S1_0b528_O0xO,STK6_283_295,S*SRRtTLCGtLDY,_______sSRRtTLC
STE,MAP2K1,MEK1,63.43,239,-1.3708,232,Q02750,MEK1,STK6_283_295_S1_0b528_O0xO,STK6_283_295,S*SRRtTLCGtLDY,_______sSRRtTLC
Alpha,ALPK1,ALPHAK3,63.4,240,-2.986,298,Q96QP1,ALPHAK3,STK6_283_295_S1_0b528_O0xO,STK6_283_295,S*SRRtTLCGtLDY,_______sSRRtTLC
AGC,PDPK1,PDK1,62.43,241,-2.0099,262,O15530,PDK1,STK6_283_295_S1_0b528_O0xO,STK6_283_295,S*SRRtTLCGtLDY,_______sSRRtTLC
AGC,LATS2,LATS2,62.25,242,-1.5555,244,Q9NRM7,LATS2,STK6_283_295_S1_0b528_O0xO,STK6_283_295,S*SRRtTLCGtLDY,_______sSRRtTLC
CAMK,PRKAA1,AMPKA1,62.17,243,-1.3327,225,Q13131,AMPKA1,STK6_283_295_S1_0b528_O0xO,STK6_283_295,S*SRRtTLCGtLDY,_______sSRRtTLC
TKL,ACVR1B,ALK4,61.89,244,-0.8776,200,P36896,ALK4,STK6_283_295_S1_0b528_O0xO,STK6_283_295,S*SRRtTLCGtLDY,_______sSRRtTLC
CAMK,BRSK2,BRSK2,61.69,245,-2.6519,285,Q8IWQ3,BRSK2,STK6_283_295_S1_0b528_O0xO,STK6_283_295,S*SRRtTLCGtLDY,_______sSRRtTLC
Other,PBK,PBK,61.38,246,-3.3504,303,Q96KB5,PBK,STK6_283_295_S1_0b528_O0xO,STK6_283_295,S*SRRtTLCGtLDY,_______sSRRtTLC
STE,MAP2K2,MEK2,61.23,247,-3.2475,302,P36507,MEK2,STK6_283_295_S1_0b528_O0xO,STK6_283_295,S*SRRtTLCGtLDY,_______sSRRtTLC
CAMK,TSSK2,TSSK2,61.06,248,-1.4755,235,Q96PF2,TSSK2,STK6_283_295_S1_0b528_O0xO,STK6_283_295,S*SRRtTLCGtLDY,_______sSRRtTLC
TKL,BMPR1A,BMPR1A,60.88,249,-2.0402,266,P36894,BMPR1A,STK6_283_295_S1_0b528_O0xO,STK6_283_295,S*SRRtTLCGtLDY,_______sSRRtTLC
CMGC,MAPK1,ERK2,60.79,250,-0.8346,195,P28482,ERK2,STK6_283_295_S1_0b528_O0xO,STK6_283_295,S*SRRtTLCGtLDY,_______sSRRtTLC
CMGC,CILK1,ICK,60.77,251,-1.6225,249,Q9UPZ9,ICK,STK6_283_295_S1_0b528_O0xO,STK6_283_295,S*SRRtTLCGtLDY,_______sSRRtTLC
STE,MAP3K15,MAP3K15,60.16,252,-2.7233,288,Q6ZN16,ASK3,STK6_283_295_S1_0b528_O0xO,STK6_283_295,S*SRRtTLCGtLDY,_______sSRRtTLC
CAMK,TSSK6,SSTK,59.74,253,-2.6886,286,Q9BXA6,SSTK,STK6_283_295_S1_0b528_O0xO,STK6_283_295,S*SRRtTLCGtLDY,_______sSRRtTLC
AGC,LATS1,LATS1,59.63,254,-0.7995,192,O95835,LATS1,STK6_283_295_S1_0b528_O0xO,STK6_283_295,S*SRRtTLCGtLDY,_______sSRRtTLC
CAMK,MARK3,MARK3,59.23,255,-2.7075,287,P27448,MARK3,STK6_283_295_S1_0b528_O0xO,STK6_283_295,S*SRRtTLCGtLDY,_______sSRRtTLC
CAMK,SIK3,QSK,58.51,256,-2.308,277,Q9Y2K2,QSK,STK6_283_295_S1_0b528_O0xO,STK6_283_295,S*SRRtTLCGtLDY,_______sSRRtTLC
STE,STK39,STLK3,58.35,257,-5.2254,310,Q9UEW8,STLK3,STK6_283_295_S1_0b528_O0xO,STK6_283_295,S*SRRtTLCGtLDY,_______sSRRtTLC
CAMK,BRSK1,BRSK1,58.16,258,-2.8301,293,Q8TDC3,BRSK1,STK6_283_295_S1_0b528_O0xO,STK6_283_295,S*SRRtTLCGtLDY,_______sSRRtTLC
Other,IKBKE,IKKE,57.82,259,-1.9624,261,Q14164,IKKE,STK6_283_295_S1_0b528_O0xO,STK6_283_295,S*SRRtTLCGtLDY,_______sSRRtTLC
TKL,ACVR1C,ALK7,57.69,260,-0.6957,190,Q8NER5,ALK7,STK6_283_295_S1_0b528_O0xO,STK6_283_295,S*SRRtTLCGtLDY,_______sSRRtTLC
STE,MAP3K5,ASK1,57.67,261,-4.3828,308,Q99683,ASK1,STK6_283_295_S1_0b528_O0xO,STK6_283_295,S*SRRtTLCGtLDY,_______sSRRtTLC
CMGC,CDK19,CDK19,56.48,262,-1.6613,252,Q9BWU1,CDK19,STK6_283_295_S1_0b528_O0xO,STK6_283_295,S*SRRtTLCGtLDY,_______sSRRtTLC
TKL,BRAF,BRAF,56.01,263,-2.0411,267,P15056,BRAF,STK6_283_295_S1_0b528_O0xO,STK6_283_295,S*SRRtTLCGtLDY,_______sSRRtTLC
CAMK,CHEK1,CHK1,55.95,264,-1.5361,240,O14757,CHK1,STK6_283_295_S1_0b528_O0xO,STK6_283_295,S*SRRtTLCGtLDY,_______sSRRtTLC
CMGC,MAPK3,ERK1,55.73,265,-1.2922,223,P27361,ERK1,STK6_283_295_S1_0b528_O0xO,STK6_283_295,S*SRRtTLCGtLDY,_______sSRRtTLC
AGC,STK38L,NDR2,55.34,266,-1.5514,242,Q9Y2H1,NDR2,STK6_283_295_S1_0b528_O0xO,STK6_283_295,S*SRRtTLCGtLDY,_______sSRRtTLC
Other,BMP2K,BIKE,54.99,267,-4.1621,307,Q9NSY1,BIKE,STK6_283_295_S1_0b528_O0xO,STK6_283_295,S*SRRtTLCGtLDY,_______sSRRtTLC
CMGC,CDK14,CDK14,54.94,268,-1.3593,229,O94921,CDK14,STK6_283_295_S1_0b528_O0xO,STK6_283_295,S*SRRtTLCGtLDY,_______sSRRtTLC
CAMK,TSSK1B,TSSK1,54.5,269,-2.0353,265,Q9BXA7,TSSK1,STK6_283_295_S1_0b528_O0xO,STK6_283_295,S*SRRtTLCGtLDY,_______sSRRtTLC
PIKK,ATM,ATM,54.41,270,-1.4967,237,Q13315,ATM,STK6_283_295_S1_0b528_O0xO,STK6_283_295,S*SRRtTLCGtLDY,_______sSRRtTLC
AGC,MASTL,MASTL,54.04,271,-1.3705,231,Q96GX5,MASTL,STK6_283_295_S1_0b528_O0xO,STK6_283_295,S*SRRtTLCGtLDY,_______sSRRtTLC
CMGC,PRPF4B,PRP4,54.04,271,-1.5385,241,Q13523,PRP4,STK6_283_295_S1_0b528_O0xO,STK6_283_295,S*SRRtTLCGtLDY,_______sSRRtTLC
CMGC,MAPK7,ERK5,53.89,273,-0.6443,187,Q13164,ERK5,STK6_283_295_S1_0b528_O0xO,STK6_283_295,S*SRRtTLCGtLDY,_______sSRRtTLC
PIKK,PRKDC,DNAPK,53.14,274,-1.6187,248,P78527,DNAPK,STK6_283_295_S1_0b528_O0xO,STK6_283_295,S*SRRtTLCGtLDY,_______sSRRtTLC
CMGC,MAK,MAK,53,275,-1.588,247,P20794,MAK,STK6_283_295_S1_0b528_O0xO,STK6_283_295,S*SRRtTLCGtLDY,_______sSRRtTLC
CMGC,DYRK3,DYRK3,52.41,276,-1.4019,233,O43781,DYRK3,STK6_283_295_S1_0b528_O0xO,STK6_283_295,S*SRRtTLCGtLDY,_______sSRRtTLC
CMGC,CDK8,CDK8,51.95,277,-1.7378,253,P49336,CDK8,STK6_283_295_S1_0b528_O0xO,STK6_283_295,S*SRRtTLCGtLDY,_______sSRRtTLC
CMGC,MAPK12,P38G,51.66,278,-1.8607,258,P53778,P38G,STK6_283_295_S1_0b528_O0xO,STK6_283_295,S*SRRtTLCGtLDY,_______sSRRtTLC
CMGC,CDK16,CDK16,51.55,279,-2.4002,279,Q00536,CDK16,STK6_283_295_S1_0b528_O0xO,STK6_283_295,S*SRRtTLCGtLDY,_______sSRRtTLC
CAMK,MARK4,MARK4,51.29,280,-2.0197,263,Q96L34,MARK4,STK6_283_295_S1_0b528_O0xO,STK6_283_295,S*SRRtTLCGtLDY,_______sSRRtTLC
CMGC,MOK,MOK,50.86,281,-1.8649,259,Q9UQ07,MOK,STK6_283_295_S1_0b528_O0xO,STK6_283_295,S*SRRtTLCGtLDY,_______sSRRtTLC
CAMK,MARK1,MARK1,49.13,282,-3.3666,304,Q9P0L2,MARK1,STK6_283_295_S1_0b528_O0xO,STK6_283_295,S*SRRtTLCGtLDY,_______sSRRtTLC
Other,STK16,MPSK1,48.99,283,-2.2958,276,O75716,MPSK1,STK6_283_295_S1_0b528_O0xO,STK6_283_295,S*SRRtTLCGtLDY,_______sSRRtTLC
CMGC,HIPK3,HIPK3,47.71,284,-1.2341,217,Q9H422,HIPK3,STK6_283_295_S1_0b528_O0xO,STK6_283_295,S*SRRtTLCGtLDY,_______sSRRtTLC
Other,MOS,MOS,47.15,285,-0.4662,171,P00540,MOS,STK6_283_295_S1_0b528_O0xO,STK6_283_295,S*SRRtTLCGtLDY,_______sSRRtTLC
CMGC,HIPK1,HIPK1,46.43,286,-1.2738,221,Q86Z02,HIPK1,STK6_283_295_S1_0b528_O0xO,STK6_283_295,S*SRRtTLCGtLDY,_______sSRRtTLC
Other,TBK1,TBK1,45.84,287,-2.0593,268,Q9UHD2,TBK1,STK6_283_295_S1_0b528_O0xO,STK6_283_295,S*SRRtTLCGtLDY,_______sSRRtTLC
Other,TLK2,TLK2,45.32,288,-2.152,271,Q86UE8,TLK2,STK6_283_295_S1_0b528_O0xO,STK6_283_295,S*SRRtTLCGtLDY,_______sSRRtTLC
CAMK,STK11,LKB1,45.12,289,-2.8358,295,Q15831,LKB1,STK6_283_295_S1_0b528_O0xO,STK6_283_295,S*SRRtTLCGtLDY,_______sSRRtTLC
CMGC,HIPK2,HIPK2,43.43,290,-2.29,275,Q9H2X6,HIPK2,STK6_283_295_S1_0b528_O0xO,STK6_283_295,S*SRRtTLCGtLDY,_______sSRRtTLC
Other,UHMK1,KIS,43.42,291,-2.2172,274,Q8TAS1,KIS,STK6_283_295_S1_0b528_O0xO,STK6_283_295,S*SRRtTLCGtLDY,_______sSRRtTLC
CMGC,DYRK1A,DYRK1A,42.79,292,-2.0344,264,Q13627,DYRK1A,STK6_283_295_S1_0b528_O0xO,STK6_283_295,S*SRRtTLCGtLDY,_______sSRRtTLC
TKL,TGFBR1,TGFBR1,42.5,293,-1.5777,246,P36897,TGFBR1,STK6_283_295_S1_0b528_O0xO,STK6_283_295,S*SRRtTLCGtLDY,_______sSRRtTLC
CMGC,CDK17,CDK17,41.58,294,-3.0823,300,Q00537,CDK17,STK6_283_295_S1_0b528_O0xO,STK6_283_295,S*SRRtTLCGtLDY,_______sSRRtTLC
Other,AAK1,AAK1,41,295,-5.5602,311,Q2M2I8,AAK1,STK6_283_295_S1_0b528_O0xO,STK6_283_295,S*SRRtTLCGtLDY,_______sSRRtTLC
CMGC,CDK18,CDK18,40.91,296,-2.8089,290,Q07002,CDK18,STK6_283_295_S1_0b528_O0xO,STK6_283_295,S*SRRtTLCGtLDY,_______sSRRtTLC
CMGC,MAPK10,JNK3,40.1,297,-1.8188,256,P53779,JNK3,STK6_283_295_S1_0b528_O0xO,STK6_283_295,S*SRRtTLCGtLDY,_______sSRRtTLC
Other,PLK4,PLK4,39.96,298,-4.3994,309,O00444,PLK4,STK6_283_295_S1_0b528_O0xO,STK6_283_295,S*SRRtTLCGtLDY,_______sSRRtTLC
CMGC,MAPK13,P38D,38.78,299,-2.7793,289,O15264,P38D,STK6_283_295_S1_0b528_O0xO,STK6_283_295,S*SRRtTLCGtLDY,_______sSRRtTLC
Other,CDC7,CDC7,38.19,300,-1.6437,251,O00311,CDC7,STK6_283_295_S1_0b528_O0xO,STK6_283_295,S*SRRtTLCGtLDY,_______sSRRtTLC
CAMK,PRKD1,PRKD1,37.94,301,-2.6038,283,Q15139,PKD1,STK6_283_295_S1_0b528_O0xO,STK6_283_295,S*SRRtTLCGtLDY,_______sSRRtTLC
CAMK,MARK2,MARK2,36.13,302,-3.8618,306,Q7KZI7,MARK2,STK6_283_295_S1_0b528_O0xO,STK6_283_295,S*SRRtTLCGtLDY,_______sSRRtTLC
CMGC,MAPK14,P38A,35.52,303,-2.1822,272,Q16539,P38A,STK6_283_295_S1_0b528_O0xO,STK6_283_295,S*SRRtTLCGtLDY,_______sSRRtTLC
CMGC,MAPK9,JNK2,34.65,304,-2.2116,273,P45984,JNK2,STK6_283_295_S1_0b528_O0xO,STK6_283_295,S*SRRtTLCGtLDY,_______sSRRtTLC
CMGC,DYRK1B,DYRK1B,33.04,305,-2.9802,297,Q9Y463,DYRK1B,STK6_283_295_S1_0b528_O0xO,STK6_283_295,S*SRRtTLCGtLDY,_______sSRRtTLC
CMGC,DYRK2,DYRK2,32.01,306,-2.4911,281,Q92630,DYRK2,STK6_283_295_S1_0b528_O0xO,STK6_283_295,S*SRRtTLCGtLDY,_______sSRRtTLC
CMGC,CDK7,CDK7,31.86,307,-2.834,294,P50613,CDK7,STK6_283_295_S1_0b528_O0xO,STK6_283_295,S*SRRtTLCGtLDY,_______sSRRtTLC
CMGC,MAPK8,JNK1,29.02,308,-2.8106,291,P45983,JNK1,STK6_283_295_S1_0b528_O0xO,STK6_283_295,S*SRRtTLCGtLDY,_______sSRRtTLC
CMGC,MAPK11,P38B,28.24,309,-3.0823,300,Q15759,P38B,STK6_283_295_S1_0b528_O0xO,STK6_283_295,S*SRRtTLCGtLDY,_______sSRRtTLC
CMGC,HIPK4,HIPK4,23.92,310,-2.8757,296,Q8NE63,HIPK4,STK6_283_295_S1_0b528_O0xO,STK6_283_295,S*SRRtTLCGtLDY,_______sSRRtTLC
CMGC,DYRK4,DYRK4,23.53,311,-3.5972,305,Q9NR20,DYRK4,STK6_283_295_S1_0b528_O0xO,STK6_283_295,S*SRRtTLCGtLDY,_______sSRRtTLC
